270338
19831
114693
270343
262153
260107
273
271021
36826
22548
239637
55318
292888
238915
45085
65567
55331
143398
42673
6185
87769
14379
14380
18781
216659
71735
260153
36922
278182
258108
219199
233537
282635
249925
260166
235593
262223
260177
285179
215123
306911
275513
57789
274234
290904
51289
301146
6159
86109
87157
6160
229475
155753
262503
45167
63601
48160
245849
65556
288890
211647
301185
12420
235201
299152
286865
20292
303254
92311
198367
176283
12447
288929
270499
168100
168101
270503
278721
2219
182444
182445
268463
254129
237746
231795
243892
267899
305337
43194
231455
274621
223422
84160
84161
256200
256201
70007
291020
286926
301636
239828
239829
217304
87332
61660
61661
221406
51424
51425
207077
272449
254187
248044
248045
260336
260337
256245
184409
73977
73978
63739
250559
51455
259
260
261
64897
305416
286985
248074
266507
266508
215309
227598
69905
289045
289046
51479
225563
278812
221470
84255
246050
82211
74022
302129
225576
235228
244103
82220
299309
274824
266655
282934
224442
295224
277215
59709
258881
49471
1579
198979
256327
289927
289099
287055
246097
69973
225622
303447
246107
235869
264545
41314
41315
225636
225637
225638
47463
235881
39276
295279
14705
8563
287093
215415
49529
276859
293246
293247
293248
37255
156040
24970
251287
10638
301805
291216
301457
96661
298983
262552
215449
303515
303519
270756
22949
205223
90536
90537
259143
267887
264622
287151
287152
233905
254386
254387
264628
49589
274870
274871
29112
29113
274874
274875
293309
39358
262591
217539
303556
291269
69371
20936
189490
69367
139724
68045
248270
288210
111447
274901
244183
254427
37341
45534
270757
186849
39394
39395
274917
266321
235943
258955
274231
272882
63571
86519
205328
269055
286805
195072
15020
64005
223751
265644
260618
274956
248334
267958
61968
264724
295445
37398
297049
273016
223771
47645
254495
4647
221736
236636
258602
258603
19890
285789
131633
303669
29752
272953
271301
231995
266391
66109
264767
24331
264772
68166
246344
298307
45643
272976
272977
239715
252501
233913
236120
37466
37467
18501
41569
41570
14947
305764
252517
252523
232044
276242
279151
221811
276895
107125
279159
178808
270973
230014
242305
301700
89899
253131
43655
262792
203401
55946
291469
291217
219794
219795
23188
264985
270447
297629
221854
273055
302811
6825
273066
252588
107181
39599
230065
273074
139379
4791
90809
262844
240319
240320
240321
39619
105863
230085
19142
286377
285133
297681
226002
250580
252245
35545
35546
101083
240348
43741
234206
66341
236262
55945
84713
271085
289519
64240
281329
251347
230132
200793
31479
31480
277241
258815
305920
59833
69419
224005
276218
209674
64983
281357
240401
129817
43806
13087
271137
271139
271140
299813
178984
82729
13099
287534
203567
193329
234292
74551
287545
207674
95036
79680
232257
258882
234309
288225
299831
291660
211789
19191
258900
13740
274233
258905
232282
66451
228189
13153
267108
35985
238441
297834
248685
41838
286789
52087
52088
248697
306043
41853
41854
296085
279425
279427
900
222085
202561
297867
290758
248719
31633
277395
52116
138133
138134
289687
21401
269210
249327
228254
228255
287649
103330
246691
123812
218023
60328
41897
199596
264690
48046
277425
248755
169118
304055
236473
21437
29765
277440
97219
285636
277445
277446
220103
51929
289740
291661
267291
248785
207827
256983
256984
270500
297947
297948
283863
291808
17491
220667
226277
42833
267243
267244
226286
267247
195569
31730
14985
205817
195071
191485
24085
37895
285705
246794
246795
226317
226318
226319
259587
97300
99355
293917
168991
306208
302113
37923
57865
226345
228871
234541
265262
287792
234545
234546
267317
275510
275511
275512
29753
275514
244795
242749
39998
263231
265867
275525
300103
209993
273592
38755
233675
289977
302911
291343
273500
37981
296031
18109
40034
40035
99431
156779
210028
210029
218301
275889
304463
304243
275573
300235
255096
239541
68730
269503
37397
270187
248967
272821
256877
76945
48274
244883
289941
99478
22041
15512
242884
66714
169117
246942
158883
277391
275629
292016
259525
273593
273594
273595
253116
36029
232638
304319
244929
31939
265412
265413
296134
7368
12492
208074
46283
274971
56527
273617
220372
52089
283864
160985
160986
44251
265438
265439
42209
294114
15587
15588
263399
297511
304365
48367
115952
86105
259641
66808
224505
232701
303586
36096
263427
306438
15625
232715
232717
232718
273679
49553
36113
204050
66835
214292
298261
191766
247063
290073
901
292128
167201
240365
215951
230695
50472
46377
46378
64812
75058
5429
261434
274873
31627
265540
269638
269639
298312
2159
42210
46415
240977
85331
198631
302424
36185
251226
101723
240988
299237
48223
229797
55489
169325
264765
251249
91507
92315
46455
261497
302462
23445
278080
275842
114051
289686
294279
249643
301881
5519
5520
253329
251280
269209
234904
130457
208283
64927
48368
66981
132520
13739
44460
44461
288174
79279
116144
277937
54706
274872
11702
232887
259513
54715
271808
232897
234949
259526
292301
269775
298449
271809
82851
255444
253123
212217
18177
288224
298474
210229
269799
226792
228841
228842
298475
44527
300968
251475
298952
52728
280059
42493
261630
78421
222723
222724
1541
288263
114187
278033
278034
63747
288277
230937
259611
160346
222755
304679
42537
198186
293127
171565
39947
205117
248073
44380
304697
288316
92426
226878
273983
83520
278081
233033
233034
60343
251468
227597
272427
297
300627
273678
293400
220766
210527
278112
278113
267874
81507
257220
237157
288359
214634
247403
247404
40559
278132
255605
101189
267897
89722
175739
304764
288382
298623
59012
237189
237190
303041
267884
204426
21783
65165
226958
226959
260154
265945
239255
169624
97220
270959
20797
290757
97508
73382
288423
224936
7849
298951
81580
235185
235186
38580
226998
244743
32443
59069
212597
210208
30405
91846
71367
221474
231118
275841
20177
38611
235225
235227
274140
247519
40674
40675
296681
7923
294646
271657
302916
69370
263931
255743
245505
225719
282375
225033
231383
30480
73234
290581
16152
266010
302875
159706
235294
128645
249633
273371
128646
235302
304938
242311
268077
259887
257840
242312
253746
253747
40756
306999
274232
59193
234177
274235
59196
36669
284478
79679
272192
245569
253763
253764
110405
264006
169187
284489
46923
292685
226957
252216
198482
80867
262116
288741
261984
261985
38754
184163
274277
264043
238475
49007
49008
262002
282486
85879
53113
234793
294782
6015
230185
49027
259977
269505
262481
24557
36753
36754
57235
264084
264091
243617
14386
230839
51112
235433
273735
47020
204722
237491
257973
239543
302751
261561
34757
34758
270279
245704
44463
298317
254804
222657
16339
292820
251861
246777
278489
63450
102363
245724
274398
43740
40930
285193
298981
298982
303079
190442
251883
229357
75759
268275
55285
226985
6069
39253
