73729
296961
296975
296976
296977
75794
44377
215065
239643
44378
306661
260833
270379
235869
181402
268345
303162
297019
303164
239677
229440
239682
239693
286798
270424
290906
302095
258141
10597
265232
270435
266598
278630
249959
229481
104125
139376
139377
260211
270452
73845
303223
291519
63612
278655
239745
239746
248171
63620
63621
251244
262282
260119
305294
305295
239761
268434
240323
278676
34159
229533
71839
270498
249883
226855
84134
69799
297543
48839
217261
270513
248647
258227
288953
61629
270526
266431
266432
278723
302795
287703
258249
268491
53458
227539
207060
258261
248023
258264
223450
299229
264417
61667
266469
232691
237803
289017
258301
211199
55339
248070
278791
297224
268553
297226
246030
246031
258321
293138
293139
275929
258343
287017
268587
67885
299311
211248
235825
256307
282935
12601
240351
104764
104765
284992
51522
51523
224993
289096
289097
265954
256335
296321
215377
258387
266582
8537
286433
287069
235871
249915
67940
67941
10598
235879
235881
266603
258413
20851
266613
251245
61816
286434
70012
70013
248722
300437
287105
259478
256391
292845
253087
256398
297365
250607
47516
287136
286436
222769
288345
300785
254377
254378
49580
49581
293295
59825
301811
264629
244150
250612
264635
274877
256452
274885
37325
271437
201168
233937
233938
295379
295380
254421
295384
274906
185917
301534
252385
288347
254435
271038
213477
37350
285169
209650
264698
237311
233980
233981
293375
31232
305665
244229
57865
55820
244141
246681
244241
252435
244247
217625
252442
299547
255739
279071
279072
88610
88611
6692
231976
259639
297089
231980
231981
231982
188509
303671
238136
238137
252477
272963
44129
262737
272978
272979
242263
305752
232028
232029
265983
232034
211555
252516
252517
262758
266597
47723
293485
248437
239721
222475
288306
250493
93381
252547
86665
287371
287372
297616
262801
248466
248467
281238
283289
250525
259867
258211
233341
271019
271020
301741
262833
209587
300186
293557
268985
303803
303804
258621
291518
229493
225056
240322
255075
273095
250571
250572
240333
26137
260817
240339
209621
303631
43737
233867
241505
254416
246498
250599
237209
266617
140015
140016
140017
140018
140019
258804
74485
238437
244827
256763
271106
64260
64261
258823
279307
242444
238351
289553
237147
279318
279319
253060
76571
64285
80671
80672
306651
70438
70439
176936
176937
237075
105265
36709
217911
238393
267627
37349
216003
271167
238403
94006
274913
243511
265357
228179
228180
289593
227491
238425
299867
290277
306017
240482
258875
213478
238438
228199
306841
2922
238449
249321
39803
298249
271039
297861
21383
72590
293778
258969
252827
277404
277405
228254
246687
299546
277411
264006
246697
252843
52140
267182
267183
269233
293810
113587
113588
297909
239003
52151
52152
267193
297914
267195
39273
68547
287684
287685
275398
236487
289736
289737
289738
226253
267215
232611
267221
267223
304087
287708
226269
239099
11237
103398
200529
84135
259053
259054
244221
257008
257009
21491
21492
140653
295928
207700
70652
70653
69798
111104
299179
257029
257030
48137
269143
230414
265231
302096
295963
48156
60449
298021
277875
255017
255018
255019
50220
50221
285742
291887
52819
257075
306230
306231
295994
265275
275517
296000
105537
105538
257092
275525
37959
264659
263244
263245
265295
201808
201809
237753
298075
263263
265313
265314
253027
275556
214117
214118
244845
289902
265327
285809
285810
304659
177269
222331
306303
306305
306306
244867
265348
265351
294025
56460
140658
294765
253075
19993
253082
300187
60573
242885
232610
253091
231359
244833
43489
61639
73245
269489
297441
285878
285879
242873
242874
293407
289994
296127
296128
232641
246629
273605
267913
289993
269514
294091
18249
273617
242899
294103
232664
244260
273626
242911
120032
240866
48362
48363
207058
263406
263407
253169
207059
232692
232693
227540
253179
271613
257611
292096
266551
232706
253483
220421
16257
283913
200919
233346
242959
263441
249106
294163
294164
268393
40495
292124
251165
216651
228229
230691
288305
294185
226866
233955
271665
273971
251191
243001
288061
288062
230720
230721
271683
240964
83269
279879
89250
280119
277836
211247
48469
240982
240983
240984
271705
271706
254347
251231
292193
230757
243046
271685
19817
241003
292204
292205
140654
140655
3441
210290
247155
251252
261493
290167
302458
302459
251264
73089
275489
296336
259477
279958
279959
294789
247364
306587
306588
64925
306591
239009
249250
269731
208293
177576
177577
54699
228253
241072
258237
296179
228789
42423
267705
253855
306621
218559
228800
228801
210507
239045
237779
259527
269769
269770
239052
239057
290261
259543
269784
239065
267855
280035
239077
239078
277991
228841
251815
52818
251133
11761
257522
242259
52731
38396
228863
239105
239106
247382
267794
259261
247316
264037
304664
241012
19994
228891
228893
228894
247327
239136
269857
222755
83494
259623
208425
248071
52780
216621
242147
273969
273970
247347
114228
259638
297225
103993
298555
60989
263353
69186
69187
267844
247365
276038
226891
287085
288335
267856
206418
206419
294485
237142
200279
278105
267867
300636
226909
288355
251287
265829
298598
293137
40553
237163
91757
298611
267893
81526
81527
285181
257661
210559
226945
285795
48777
48778
302735
302736
269873
240991
61075
241305
306842
275397
230683
262086
236828
272327
292527
267952
262088
235189
306870
306871
296635
104124
208573
235264
270453
230695
106178
267973
91847
288456
288457
251746
263884
263885
255697
294179
243441
100058
100059
286429
263903
286432
265953
224994
286435
276196
255717
275569
294732
277799
59117
237107
225011
265975
265976
296699
306943
265984
267222
183847
255755
255756
245517
245518
201169
258999
231971
256303
286495
286496
265407
212763
292649
294701
264157
270525
263989
243510
296585
243512
243513
243514
208699
263996
263997
52163
296767
296768
263365
53459
290633
51511
46924
36685
288325
233297
294739
294740
253781
287033
274265
274266
304989
243551
251745
241506
287035
11238
36710
273041
49003
262802
300917
202617
233339
233340
284541
306944
243583
110464
243585
16258
233347
243589
249307
247691
302991
251796
272279
278631
274329
257007
237468
294813
292767
307104
307105
87970
241575
246087
253753
231342
262063
300981
231351
253813
251837
241599
251841
231363
262085
231366
140657
272328
251849
282570
297331
241617
251859
49109
305112
221146
231387
241629
272351
140659
231394
32763
258323
243686
243687
262121
292844
141293
141294
4081
251891
247796
303098
303099
306589
