241666
249860
289452
167949
69293
219153
235287
249881
202951
269169
245792
245793
288805
260137
288813
161838
220509
204848
86069
4154
276831
34882
276547
239686
239687
196681
229450
88140
276557
183993
249947
4794
51295
255873
24673
82020
82021
269671
65645
65646
298564
101395
258168
270457
124
265285
9921
229513
268437
231576
196762
63643
63644
258205
258206
79557
114848
276848
254117
264359
22696
278699
256174
278707
243894
20852
114875
65724
235713
202946
21195
69828
241014
245958
32967
8531
305361
264402
297173
301270
86231
207065
217306
288987
24613
289147
266468
305382
305383
205035
119021
261501
28357
248055
33017
61695
289029
86280
12553
278795
100620
276751
217362
305429
305430
265222
235806
235807
20768
53537
256301
289501
276785
194866
248115
284984
194874
84287
241989
276809
268619
215379
276821
265273
225625
31069
272734
287071
262497
262498
4155
262501
262502
235882
223596
264560
297329
262515
268660
72054
37239
53627
4479
287107
254340
295301
192902
265459
275863
264593
264594
240026
18159
244805
219553
278946
265286
291238
246186
141383
262572
223661
287153
264628
205237
151993
287732
213441
244163
244165
301510
301511
63945
297419
270796
16846
61903
8659
27093
205271
205272
286369
298063
287198
39333
33248
305633
143842
40699
305574
12774
19537
305640
16873
269735
272876
272877
244209
37362
47603
229880
53754
53755
301565
168447
31232
117177
289371
238083
238084
295434
49675
121358
254481
293395
43543
43544
94745
249263
59932
287261
109088
204208
205350
83377
217643
16940
240175
16945
274185
242232
242233
20575
262719
193089
84743
223813
301153
290212
66123
264780
266528
86615
103003
242273
242274
182884
74341
221802
158315
53871
301680
262769
224021
226411
64133
273031
96907
53901
252340
284943
86675
287385
301725
301509
264646
219815
301737
290247
219820
225966
287409
32883
240308
69406
287415
2746
4795
31422
291522
185030
240327
269003
86733
45779
215161
31449
272349
219869
289502
269025
238309
205839
84775
66285
230131
240374
103161
260861
72551
108453
20689
45835
248592
224020
31509
86807
238361
174875
228126
228127
254757
285479
260906
59527
101164
56113
269107
13109
290953
291644
271165
248641
203586
267075
256837
33607
228169
217931
80718
306001
236370
299859
23380
23381
207705
238429
299875
65633
238442
248684
16872
248695
192319
19326
289667
228228
203585
11149
218002
254787
236446
236447
236448
302235
31654
242161
256941
265926
195506
246711
232377
114847
97213
50110
50111
304064
302923
256965
195529
256982
11227
295729
53413
291808
19425
82916
82917
70631
252905
37867
263151
236371
175092
267253
200532
5119
156672
291841
11435
230405
279558
149178
17580
277519
257041
17427
17428
257048
267292
60446
265249
298021
291878
83121
265257
300551
263212
224301
232719
287793
78899
58422
273465
49674
302149
27718
68025
64585
207946
46159
177233
9298
9299
23637
259164
287838
107615
306279
306280
306283
214125
17518
259863
193649
230520
54395
236394
275583
212100
224389
265183
50314
277643
273549
263313
263314
285891
108398
238742
44183
44184
253083
216223
7331
286523
253095
38059
38060
304303
222385
36018
280094
273591
289976
237087
203970
17603
208071
48329
62167
304339
50389
87255
203997
304353
74981
273639
15592
222443
261358
210289
97521
273651
261364
294135
290043
290044
40005
212199
271623
218381
265773
220434
220435
292116
27925
247407
91221
91423
234785
245957
301595
95530
267563
267564
267565
103728
288050
46387
79161
3386
41183
19775
292162
261575
228237
3414
261463
202535
290141
220510
240991
234849
232661
6715
132453
103635
251239
269672
269673
269674
269675
269676
251249
231775
269419
243062
58943
241021
290174
54663
188199
37353
263406
54679
218520
5435
305223
269725
87455
30116
23973
255399
286120
191914
288171
101804
259501
228783
239024
296369
13747
13748
13749
298423
288193
288194
85443
161220
304583
249290
218571
302838
44499
224731
75228
50655
24033
73186
255459
249317
254147
42471
286188
294381
296431
75249
275493
52741
267783
44556
216595
294043
267797
286236
257566
114207
114208
187937
222755
265765
200752
288297
278457
239149
265774
286259
278074
65084
91709
257599
235073
100619
69188
239175
249420
222797
63056
304721
263762
85591
216666
104027
286304
83557
304742
243304
39186
32366
263791
286320
255601
255602
292115
224892
257661
226942
241941
198273
221803
240104
11913
99979
99980
257680
38546
18067
18068
226585
301679
9885
265888
265889
231076
231077
57005
241327
265911
265912
265913
292538
20767
235808
304834
274115
209657
265925
28358
54984
208586
20172
20177
9938
9939
276180
276181
163543
267994
284382
112352
192963
261861
261862
221137
32489
69355
43860
263920
263921
261875
20212
34549
71414
91175
38650
55035
267562
225025
286467
61193
28426
28427
261900
296720
263953
263954
73575
69396
12053
239382
44823
44824
36634
59163
202526
278311
38699
38700
290781
198451
274231
197369
233275
233276
282431
106306
274247
48968
239434
102219
114508
48976
48977
100180
51029
264029
304993
143202
185659
12134
45413
16232
246181
89962
236519
272236
272237
272238
225135
219795
286485
198524
255661
280450
280451
237444
272261
253831
77707
96141
292755
42903
42904
272284
240659
190370
190371
278437
227239
114610
47027
290743
241592
241593
104381
20415
247744
52897
258001
221138
85975
292825
292826
272348
260061
186334
290785
303075
182244
53222
79847
270312
238411
241645
301039
221171
301045
250537
290814
