95023
235525
227335
258056
235529
184330
57355
50124
72575
47120
217110
258072
147235
143386
143387
86045
282655
112673
52307
30755
22564
299045
45745
245802
249899
45100
256045
256046
69679
235569
225331
77877
16439
53305
43066
167995
266306
184331
4166
182343
231498
231499
271714
297046
240313
71776
219152
256098
32867
297063
278633
54631
45167
45168
43121
260211
141428
292542
61558
61559
286843
14463
49105
247939
102539
272378
276628
305303
213145
213146
43170
280740
37030
233643
239795
258231
36390
260287
2241
54987
36832
182470
13345
170184
51401
237771
237772
10445
237774
237775
6353
295123
24790
180441
299227
253989
202977
79663
272611
266470
91833
45288
237802
203815
10919
293102
239855
41201
300887
237811
268533
15693
73975
211551
67883
299269
266502
18697
288471
100624
22801
41234
30998
30999
268569
291888
31011
108839
184617
272683
41263
266544
49459
256308
241974
24893
268841
276801
190787
110916
280901
20811
170317
194898
194899
43065
266585
215386
32143
241722
287074
273127
16749
3133
235889
4467
272760
285049
256378
184710
243241
266647
18828
119683
246161
215442
215443
219543
301464
301465
225690
287471
244125
244126
266657
266658
219556
18853
16808
39337
80302
80303
47536
91191
18871
213433
306591
260171
72133
291271
33226
242123
18893
285773
295377
305618
233939
27093
186839
203227
96732
237989
96737
13655
274915
57829
283110
68071
98793
51693
18926
149999
260593
121330
50259
42409
295416
29780
39418
218993
31232
281089
254469
227847
209418
285195
186892
43540
303639
274863
45596
59933
106335
306267
186917
252455
268840
279081
211499
303660
124339
217649
282035
231990
234039
166456
221791
10521
55870
103179
18870
173615
64055
299599
248400
49745
286819
191062
14935
14936
105051
272988
6749
150110
66143
37472
37473
78377
194321
43120
68711
232045
232046
57969
303731
301685
301686
47735
41592
41593
273018
96895
238209
238210
291947
55941
113288
302401
300287
219792
201362
260207
97050
113313
113314
255771
86693
14449
41645
242351
39601
180915
252597
299703
4792
84665
84666
195259
279232
293571
224387
297669
301766
182983
62152
51913
43725
15055
5923
202565
23255
287451
287452
111326
271073
271074
271075
66001
236268
279277
80623
15089
103155
226036
46330
45818
15103
285441
103178
16855
305936
250642
260883
301519
206391
219930
297775
250655
250657
43810
13093
164646
123697
33576
47916
6962
297774
44509
64305
123698
110387
123700
131893
183094
217911
250919
52026
211423
287554
285835
52037
2886
52041
59191
125773
228175
254800
101205
101206
217943
260952
123737
859
238429
238430
863
285537
289635
53393
105321
93037
19533
43887
41841
299891
299892
269173
301942
277993
62328
275327
32559
148355
197782
67393
211849
234383
60305
41874
21395
189332
275353
228251
103347
222111
271264
272881
72617
45995
272882
254894
211891
52150
52151
236472
291769
304065
217931
21451
21452
277453
23509
262967
93144
192335
50141
256994
228323
267240
147569
246769
260594
234493
39935
288297
224265
60427
21516
184641
55995
260951
293909
277337
302104
302105
91164
9245
242720
267297
267298
289321
217645
105511
234537
279730
109614
236381
48176
156723
19511
171065
137055
37949
21566
285759
106336
72773
300102
300103
296009
226381
56402
232291
207956
66647
203867
283750
193639
37992
293995
31853
19566
234609
265331
296054
296056
283771
9343
224385
300163
89223
31880
234634
273547
273549
85141
255126
86102
224414
224415
224421
276337
109737
79023
302256
279729
265394
252169
232629
242870
289975
183482
29883
45044
11125
152768
40130
150723
249029
54471
273609
203989
253817
56540
242909
245341
212191
294101
286246
109800
109801
25835
36079
263409
191732
42229
68137
212216
273657
273658
7419
206077
97535
273664
303659
5384
165130
292109
303661
279827
15636
267543
304408
79423
165146
210203
288030
227547
97573
46374
234033
104997
290095
40241
181554
181555
87349
74929
288055
85305
85306
248031
276813
236862
302400
288065
267588
298309
269639
298312
188300
30027
46413
298319
45045
22206
238935
42332
200029
36193
51397
293777
238952
249195
249196
60306
294461
201960
56695
36219
15742
191875
292229
42375
257416
189838
300431
44433
42387
261526
257432
43247
279964
85405
306590
264033
306592
42401
282019
294311
247208
282025
298415
69040
7602
54707
218551
65039
52665
100569
234941
11710
306623
44481
3526
277321
277961
230859
14575
75218
288211
277972
277973
192975
255225
296408
44508
239069
239070
1503
77286
94801
38377
276391
302575
42480
42481
259571
259572
269813
165697
202235
267772
34217
52534
11784
94807
298509
254893
60945
185878
43015
50714
288290
222755
273956
218661
32294
276009
22058
202285
211549
138801
253490
239155
211550
52790
257591
278073
304699
218685
247733
265794
217355
181829
142919
83934
294473
9808
5713
24149
44632
103986
274021
208482
267875
267876
296549
1638
120423
7785
237162
96871
290415
217667
61043
286327
20088
224889
203619
298621
216707
168635
263816
15639
232671
214672
298947
30358
288407
9881
101463
237167
13980
282659
235170
20137
40619
57682
40626
20147
241332
288713
171705
30395
306877
34494
82165
270385
249545
274122
81611
282316
286413
69327
173777
57042
50899
208596
273017
265944
265945
255707
77533
296670
249467
7910
241383
38632
48955
235249
98035
3829
55031
255738
284411
210687
157443
270317
46853
43705
16215
224033
31704
198421
198422
123699
157466
14107
290589
204576
18211
302887
47525
81623
292655
75569
18227
40756
233269
18231
30523
239422
249664
249665
134979
292677
36833
241483
8012
200525
300879
57169
223058
290643
270164
155479
208731
40797
233311
233312
299664
28518
40809
57194
38764
292717
46961
77683
44527
274297
262605
83265
302988
46990
270223
35139
231406
237462
104344
165786
165787
231325
165794
47013
47014
104359
247721
128938
298311
42483
227249
65523
73653
298996
55230
55231
38961
55627
212932
288709
97995
246457
218906
59725
247760
247761
222998
212949
14295
4057
104410
6107
190428
6109
149470
57312
57313
290785
114662
239592
272363
231405
270318
251887
260083
221172
298997
298999
272377
260090
45052
239613
