34825
249867
299021
299022
79887
258871
41327
260117
233499
303135
65569
290851
2089
303150
55346
270387
188468
75102
286776
272445
260160
249922
262211
180293
286791
267276
302093
182353
55380
301070
229469
84063
84064
292963
260199
249961
280684
84077
63599
55412
188535
94329
49276
249985
303237
32902
247945
247946
102539
53389
221326
14479
239764
297113
237722
237723
221417
270497
258211
278697
278698
221357
90286
278707
61623
63672
200735
188467
250047
73920
241857
16579
20681
56609
265933
80081
229586
299219
207060
237781
258264
266457
266458
260316
264415
3451
295143
198889
264427
295155
295157
248055
43263
246018
246019
227589
276744
284589
253655
53516
221453
221454
30991
282900
248087
295192
268569
31004
31005
205088
248097
157989
265265
278827
256303
287024
61747
12598
231735
262196
201018
272699
293180
37183
237889
31043
276804
250252
266570
254283
88399
278865
260438
272727
194909
213343
295264
293221
255719
274797
276847
254327
18808
18809
192890
18813
231811
205189
229767
266635
266636
269045
233876
80281
45159
246172
254368
49572
244135
219561
250283
78254
215473
229449
265972
262977
268735
90560
244162
76227
301509
207303
276951
66009
182749
68065
16868
188497
290291
264685
47601
193018
289276
78335
264706
224342
293386
252427
256528
78353
78354
13059
234585
47640
293259
254385
227883
270893
214109
227889
184897
248585
249951
264764
264765
252479
252480
21057
184898
248587
275016
90698
90699
78412
267362
301648
45649
284259
268884
268885
223831
180827
275038
262754
45672
215657
250475
268051
31350
105079
270783
94848
246403
247435
299653
258698
250507
264075
249282
232079
262804
262805
252567
260207
258716
303775
303776
189089
287876
257529
269084
305607
303794
271027
256692
240309
258742
240312
55993
260800
252613
291959
15052
217295
262863
56020
271064
48932
209630
250591
271073
299755
230125
64239
64240
269044
240373
201017
189175
92921
228090
23298
271107
305925
232199
289545
248586
4875
54029
64880
193299
281364
162584
305945
31514
269083
289564
193315
249990
221995
279347
63625
64312
83423
275594
242497
262978
247947
260933
27105
236361
2890
68427
265039
275283
306006
269143
258904
12099
54110
72545
23399
116507
267114
207726
238447
9073
289652
41847
238457
20011
11139
11140
306326
238470
238471
207754
83437
218001
95043
23448
168857
211871
233627
273317
232359
232360
267181
248751
62387
256950
256951
256952
42484
41917
168895
238529
31683
296438
15521
242945
79693
260259
285653
273367
273368
226267
248796
205790
213983
291808
304097
269291
236525
236526
289775
19449
17219
48123
233301
205829
29705
52236
83233
287759
242704
50193
293911
241295
80921
69466
182789
39973
239811
183337
265258
257070
216113
39986
216120
224314
15651
152641
258634
238433
298641
265297
274275
50262
253015
234584
66649
173146
214108
216157
285791
285792
246881
234594
17508
58477
68115
261236
287863
291960
216186
38011
58497
265346
271492
40001
182465
294026
222352
263313
68755
234646
216151
224417
50342
50343
226476
232622
76979
74938
263355
21697
306039
79052
79053
214225
27862
27863
68825
68826
271579
16340
242909
273631
273632
296161
242915
80305
294118
46289
253160
271594
296178
31989
31990
115961
220410
294139
212221
286365
294145
247043
185605
265089
212237
285229
255248
263444
258265
46360
247067
223450
248709
269601
269602
64731
232743
207751
87341
271662
240949
273718
273719
167225
249845
132412
132413
154946
251203
261444
253253
191814
238925
238926
253263
240977
222435
56660
54613
239071
13199
302430
271712
271719
217249
271724
3437
267373
95600
201960
20164
251255
31621
253307
300415
300416
277891
214404
251269
180801
249225
249226
249227
228749
64912
284050
232003
282004
249241
32155
288163
272217
267695
212247
189087
269757
263618
64967
251268
237001
290257
302169
298455
300507
241117
44511
44512
259555
296420
257511
122345
52717
52718
122351
5616
93682
93683
206324
42485
299975
296439
42488
204281
271870
53845
269827
32261
32262
101895
265737
232023
52749
13839
218641
259603
239124
93718
237082
252847
247328
216609
222755
249436
52778
257579
81452
220719
63027
5685
5686
298557
67138
302664
292791
278098
298579
278100
187990
213779
253529
228955
267868
257631
294499
304741
304742
304743
185960
149107
216693
247419
20093
299025
263817
240377
52876
220813
30350
288399
278161
258329
294552
257689
233117
271578
292515
159399
278187
40626
222899
296628
71351
52853
235537
255687
11981
118478
265937
73426
265939
263895
253656
274137
261856
298722
263907
235237
282577
40682
18162
298963
255732
292599
288504
9977
100091
268245
297259
175877
253702
18183
304915
304916
212758
91929
286490
288539
208670
184099
184100
276261
50983
273372
255787
169459
235314
30345
304095
214846
302912
300867
75588
65350
206663
206664
270253
304439
46925
9869
255827
233300
220814
28502
28503
28504
69465
272218
272219
106333
296801
96099
284518
50833
284527
73588
65399
233337
233338
294779
77695
77696
262114
190343
234657
251787
255888
247698
87959
10499
243629
192377
18352
274353
305079
298936
201375
287050
272318
155583
251841
262087
98249
257994
200652
253903
253904
253905
110547
268244
53205
223191
303065
180186
222425
233439
272352
262113
53218
147431
231455
241645
45045
251896
234259
