249859
287404
55306
272727
300061
230061
192373
83987
235540
219157
219158
194583
294939
239648
272417
242353
255121
272429
194610
67636
55305
229435
41913
242301
9227
297032
186444
290893
297038
285709
55376
264273
259487
280661
231511
39002
39003
102493
114782
114783
204897
256099
256100
227429
258150
270439
278634
278635
168979
270452
252023
69427
249978
301184
77525
263873
22665
6483
20625
270482
229523
84116
304021
288925
235205
219296
12449
270499
69797
54641
264361
297671
286893
286894
285725
282804
297143
88248
41146
22717
22718
288459
270532
84166
2247
262344
288969
298908
217291
8396
274641
237778
219349
264406
207067
237788
248030
176351
291501
217315
199377
186600
237801
22763
22764
295150
289014
18679
256249
289019
294677
278783
188672
282885
266507
266508
102672
62851
82197
267993
246043
289053
295501
239717
264484
264485
305448
215337
299309
209198
272689
256309
246070
20873
41273
260831
274751
246081
300427
241988
268613
264518
287047
287048
227657
289099
293196
49485
293202
293203
235860
61781
256343
225625
251279
256350
256351
239977
49517
295285
246135
276862
266627
291209
231416
293261
166292
303509
229782
69017
246170
293275
100765
100766
263237
301467
86436
276904
276905
61866
297389
266670
244147
249246
281017
77215
306213
80318
117183
274883
233925
301517
233935
289232
203219
266709
266710
219608
254427
285149
285150
47585
90596
12774
238087
299501
213489
219237
203859
221684
193013
300457
287405
265301
31232
285187
27143
227848
278119
29205
274957
223759
305680
274961
293394
289299
297390
88600
274969
295451
55386
49694
96799
41505
217634
217635
243433
300466
290568
244274
260659
242229
57910
180793
301627
252478
207423
4676
262725
239713
6733
250449
16978
297059
297557
297558
289369
197391
252509
68190
68191
221792
231749
272999
232040
232043
174700
174701
55922
232055
232056
183981
289375
249279
275069
232063
232064
250499
7958
47751
55945
55946
271127
221836
221837
301711
242321
264850
265667
236180
252566
248471
248472
195227
86687
2726
219815
291497
297642
66219
281260
281261
250545
232114
295711
47351
269280
293570
33475
297668
276284
47816
6093
233933
291537
271139
250582
301784
301785
39642
255781
35557
269031
234223
273143
273144
262101
262783
286111
299773
240387
258821
86791
227049
4877
13070
13071
236311
295707
248606
191263
295712
191265
54051
230183
279336
275244
266034
295728
299827
283447
31547
234301
262779
207682
265027
222020
258697
228833
299851
248653
197454
248661
299863
240077
258910
306015
188197
78691
228196
260965
201575
201576
269161
297834
202215
181101
256881
256882
269171
197493
47991
47992
269177
228221
273287
236424
41865
248714
218597
266675
304017
273219
82836
82837
261014
246683
222021
189344
41889
304036
15991
289704
242601
8007
41905
296094
267191
244212
268927
221685
252865
175043
228297
294391
236495
5072
255425
293843
304084
304085
256983
19416
226265
256991
291808
269281
257002
257003
50157
50158
52203
46070
46071
297133
277502
267263
275457
265387
39942
265227
244749
268461
216083
216084
246807
248676
277530
289967
295965
236575
293921
197667
263205
291879
70696
275499
66738
224303
27144
281650
171187
273460
39994
39995
244801
160705
257091
169028
234565
234566
273047
131255
273485
265297
281821
291923
265300
267349
267350
244823
13401
242786
242787
74574
273513
273514
82791
37996
264773
17521
17522
224373
298105
285819
10131
37397
97558
289924
70791
70792
109713
302275
272921
302233
302234
89243
181405
50334
265413
265379
278135
17579
17580
38062
38063
66737
304306
261299
273590
273591
304314
219221
299603
302274
261315
5316
5317
302280
89291
281805
296142
265421
77008
290001
251090
236067
261334
246999
290009
290010
300253
261345
269540
244966
18039
220370
255869
228600
283897
199930
273661
232709
259337
46347
263438
302351
218385
298260
298261
253206
286597
46371
185637
185638
273703
66859
288045
220463
107825
251187
222325
56636
56637
261441
262027
87967
276024
251218
16611
240981
251222
87609
302424
302425
233359
228705
274465
75112
44397
210289
19827
259453
288127
249219
261508
288662
208263
285173
13710
13711
13712
13713
245139
218517
47001
264772
294299
251293
279966
6725
273824
225179
142757
152998
230823
230824
264092
298411
132524
122285
269742
234927
241074
241075
66996
288181
34233
32187
298429
134591
249281
249282
42435
265668
286149
302534
289015
300492
239053
239054
224719
249296
144851
275925
300503
17880
206297
306650
38363
33602
225641
204257
204258
290275
237028
42469
289361
202216
289703
259564
219730
249326
302333
257521
268883
40437
306590
48631
250450
298490
296443
300541
67499
239109
304653
304654
230929
247316
210862
286233
257563
302620
189986
222755
297999
269865
298539
237101
41565
264115
257588
87608
30265
40506
257595
22076
22077
220085
304704
282178
226886
247374
217335
265809
30291
273337
226905
280154
286485
97887
228960
278113
271972
210533
48742
304743
304744
237161
237162
288363
50797
304751
13938
98579
253559
274041
267899
40572
304766
267903
267904
306819
300310
239239
274058
265867
265868
102032
228291
216724
304792
267929
188062
69279
216737
216738
245412
48806
282279
282280
298667
81580
294573
251567
251568
272049
245429
50873
194234
292539
245441
245442
287691
263877
194247
270024
270025
270026
265931
286412
272077
270285
20176
20177
269603
267989
267990
252041
48857
243653
292572
102110
286433
278242
243427
16337
239337
239338
220455
251858
262781
287981
294645
302843
103381
298283
198337
265992
20233
212748
259860
259861
294678
294679
56623
208668
100125
100126
50821
28449
225058
235299
255780
233253
266545
276265
233972
38703
300850
266035
202551
248799
36668
276285
294721
307010
286347
262454
249671
282440
282441
233973
243533
51277
264015
300888
280410
252559
243551
40571
235364
223077
12134
280772
298861
231278
251761
236179
221044
57205
290678
292729
53117
253823
305027
96918
243591
46987
223119
274320
243603
10132
28565
16977
53144
216985
294811
274332
227229
216990
274335
292771
292772
186277
67494
251569
264107
278446
57263
260019
237214
256329
57277
193605
241599
223168
233409
245698
303044
231365
231369
55243
262093
270287
251857
16338
16339
301013
210937
18107
258010
67551
268256
292835
298980
288741
251217
231400
262121
235499
235500
221165
55281
55282
235859
240389
304126
231415
301048
301049
14332
