290817
293591
262150
262151
272393
258391
292876
292877
272403
229493
251925
276503
260123
48214
66906
245437
51237
202791
267669
241705
276522
290859
153645
268336
260145
225729
282675
262153
249913
50107
231487
77063
230752
14405
229447
229448
198729
299083
270415
43091
247893
217174
290903
270425
190555
272058
244837
221281
224955
282727
252008
252009
237245
114801
41075
229492
256117
252023
252024
266361
84091
305725
249982
249983
270464
270465
278658
270469
219270
219271
249993
301195
211085
235885
32913
237719
299163
234598
43167
290843
100516
100517
198822
198823
284842
232135
227503
227504
278705
247988
247989
290998
247991
164029
237759
66156
248005
248006
176327
305355
53453
84175
301264
291025
291026
51411
209109
297455
278743
229593
260719
217308
217309
227550
270561
161269
278761
278762
73963
182431
286957
237807
237813
259015
12535
102649
292223
258301
237822
233729
227587
48854
255674
286984
286985
286986
17535
289037
289038
286991
225553
231703
231704
237851
217373
207141
268337
258344
198953
289069
303407
287025
287026
287027
235828
235829
276790
276791
287032
287033
246074
287035
225596
287039
246081
245341
229489
292236
238491
266573
239950
214759
258390
57687
256347
266589
300531
246119
158056
158057
238492
283367
258450
224317
292094
295979
248211
61161
246137
41343
41344
29065
251287
235245
244113
248210
258451
225684
225685
39318
39319
276888
260930
8610
276899
217509
274854
184743
77757
249927
295340
287149
266670
266671
266672
284403
226833
242859
260535
260536
79667
223674
161911
100427
218582
266687
299456
70081
219211
253157
299464
299465
233931
295372
280572
285134
222627
272852
240085
266711
264664
272463
235997
297381
246241
223714
84731
213478
213479
233960
233961
255477
297454
213487
285169
285170
264070
241065
268571
250964
6018
295422
295423
31232
221952
6658
272899
301572
287830
266759
267351
254478
254479
254486
231959
231960
231961
262683
47645
47646
47647
267696
198747
231973
221735
262776
248583
223791
217649
292275
242231
244281
270431
78396
256573
287295
215617
299863
68168
293452
271779
250637
234065
234066
305747
270932
270933
232025
301660
259027
201311
283750
298617
201323
201324
279151
303423
266461
252531
252532
55925
303734
240247
6776
283257
299455
291452
291453
250495
291457
242309
262790
262791
221833
250647
252556
246413
246414
260751
283281
58002
273043
262233
230037
240279
221849
211610
262255
13765
15010
244387
232100
232101
256679
240297
277171
283317
180919
250554
252603
276597
228811
230661
232134
250567
273096
273097
225995
266018
285133
269012
291543
66265
199387
240348
230111
267283
111329
213545
282065
283368
252649
250607
291568
291569
228819
296062
248571
64253
250622
291583
291584
279297
250667
216534
246621
219911
250633
250634
277260
301837
301838
297746
230163
252694
258839
258840
299803
240413
236319
236320
238370
238371
199462
199463
285482
285483
238383
285490
238387
219956
222007
250682
275264
238401
271170
271171
248645
242502
258887
260937
304385
246242
249997
291665
281426
258899
52052
287574
217943
230233
250715
250717
269150
248671
248673
279396
283110
275303
222483
301543
52080
243518
279418
279419
286383
238462
248703
228227
244612
244613
209805
289678
287631
258960
226193
163197
285907
269211
269212
269213
228165
248646
296205
226216
297897
297898
242503
293807
234417
287666
287667
236468
236469
236470
277431
287673
287675
287676
287679
259014
297927
299852
246733
256857
226256
70609
286317
240596
236501
277463
277464
260260
277466
292183
226276
226277
226278
281425
246760
158697
158698
256517
291666
248129
287727
261797
285705
223073
11255
254463
265215
233263
214187
234501
305665
29705
287575
29708
272898
244753
293907
269333
39958
39959
285725
301573
277539
298021
275495
282119
295980
267310
267311
267312
261175
261176
271417
255034
255035
224316
236605
29758
267327
195083
299873
245602
267344
267345
225024
273492
273493
257110
257111
234587
279397
265312
257125
214118
214119
60520
50283
277617
296416
285819
270161
296063
68741
68742
251375
263307
255118
255119
233958
232599
232600
244890
215401
224417
224418
269851
241862
200671
234667
285491
232623
261570
214193
218290
259509
242877
144578
144579
220858
294092
294093
261571
251089
198797
271573
244386
201947
253149
15582
212191
244960
300582
280785
32637
216483
280667
237779
224500
32638
240887
240888
283897
238463
292092
292093
214995
294143
304384
294145
265477
265478
233345
77064
299223
253196
253197
301263
232719
283921
222482
273683
230677
302359
222489
222490
294447
46365
212257
283939
263460
263461
292087
240937
253226
73005
73006
245981
222515
297529
240951
271673
234815
290113
162555
75081
226635
263500
230735
271698
222547
269652
269653
251223
66905
279898
230751
258295
284007
284008
284009
282035
251247
220531
220532
218289
196841
269762
212349
163198
163199
292224
292225
261510
251273
251274
277900
292237
220559
219910
251284
251285
251286
253335
257037
271769
259482
259483
241053
236960
239010
239011
218533
202151
275881
259504
259505
286130
54707
286133
255005
253172
233346
228799
271810
271811
230823
228807
218571
198095
263416
282066
269779
288214
218583
269785
262193
251355
214493
300510
269791
290272
280035
280036
280037
251369
249323
228847
40435
228852
275957
275958
199593
240248
265721
938
249343
239107
260763
218630
218631
210445
218641
218642
287087
202661
304047
269852
73245
181790
181791
249376
222755
99876
99877
306387
247338
247339
255036
226864
235057
288306
288307
247348
247349
267830
267831
274015
163389
237118
237119
300612
277430
259654
259655
278089
237131
229645
226897
279383
253523
229646
235056
228952
228953
278107
216669
86073
226917
282211
296549
226918
278121
278122
288363
273682
259539
267887
288368
292273
38514
237171
237172
257653
11895
50809
48763
257660
257661
265855
159339
237189
247401
286345
286346
30348
229005
298638
275956
267923
294548
276521
231063
223664
267931
278179
278180
297926
245414
245415
198313
198314
31687
267951
286385
286386
286387
217942
276150
276151
246796
245434
255675
224956
69309
45685
291446
46369
245450
237175
200653
267985
224979
251604
304853
257750
257751
89817
294619
263430
245631
46820
220623
226257
61160
296681
50925
235246
253683
36597
304084
40703
263431
214785
274179
276229
69382
293505
255758
255759
219955
222999
248111
225057
225058
247587
216869
276269
266031
235312
195891
62929
286523
243517
263998
276287
304961
307011
307012
294732
294733
307024
307025
286547
272212
288398
253583
212831
245601
223074
246075
282469
58001
233321
235679
55954
230087
279791
294547
233332
241527
241528
239935
292733
294782
294783
305024
305025
87938
87939
266118
264071
77704
194443
245773
274318
246765
223746
223123
256665
231320
47005
47006
265755
229281
243619
264101
288678
288679
114604
73646
216041
241591
241592
221172
77756
255933
166901
263499
246775
153549
153550
279203
270292
270293
200667
262821
260065
29691
190438
290812
200683
221167
223681
221171
45044
45045
221176
22095
34811
34812
290813
31997
