50518
16391
16392
253965
73744
272405
272406
43035
57690
57374
143392
296995
239652
239653
276519
276521
292906
53292
258094
116783
301106
301107
75833
303455
45118
45126
45127
18505
268365
268366
133202
221271
297999
270428
251999
252000
297060
12389
256107
61552
301169
256117
41079
32892
237697
270466
43147
142
270479
6288
235668
20631
223386
250016
16545
18459
60495
69808
76453
116917
116918
100536
276667
53437
63683
12485
12486
280781
280782
257059
233685
233686
233687
84185
299045
153637
51425
51426
129255
102633
19495
133363
133364
39168
10499
10500
227593
133387
133388
41230
41231
10513
18706
73091
39189
39190
20760
272667
139552
258339
10532
303398
303399
51497
225581
248111
31027
250164
272693
289637
67897
256315
20803
266564
272711
153929
3489
110933
255033
14682
100699
39262
39263
57699
59753
256368
293235
14709
285050
35196
227709
227710
16773
47497
179845
274834
287123
293501
37275
37276
78235
47525
215463
18856
45481
39338
201132
39363
27055
299441
233910
254392
137659
41717
65985
260547
278171
250310
274887
301513
229837
229838
255055
272860
233949
68063
57824
59876
45479
47598
213487
45480
264703
31232
258566
238088
91195
225810
225815
254724
277018
159391
254725
217633
262691
207397
84518
10673
299565
299566
16945
299573
299574
238135
220255
289345
289346
275011
84549
55879
45640
275017
39501
302521
68185
279133
221790
260705
293474
293475
226065
232043
41747
51831
45691
262781
59157
74859
17031
17032
256649
225937
74386
215491
273045
273046
131739
277149
13765
86689
33443
240292
35493
66214
250311
283310
283311
277173
19126
39369
205497
23228
301757
297669
45766
90231
256716
303821
21201
266966
266967
250589
78559
289507
258788
64230
270119
33517
8943
19184
44840
303861
249641
238337
305963
74500
208342
289921
224011
193297
56083
21268
41751
51994
51995
105246
306993
285481
305962
250667
84786
54066
58166
58167
47931
187199
224065
224066
224067
226116
13125
187209
84813
84814
256849
277331
277332
277333
287578
287579
289628
52063
277349
277350
277351
212797
213872
134004
258945
61249
285577
285578
253079
19342
50063
39336
50065
50066
223371
41879
58180
50075
263071
31667
250804
246723
293829
82886
222151
51247
21453
21457
68565
286167
249337
19417
62426
89253
291808
273377
213986
213987
16209
304104
306156
46061
207701
1028
50181
37902
39951
171026
93203
60443
37916
302109
224287
40475
261153
306779
17443
48165
123942
46119
46120
46121
224301
27694
27695
234550
234551
58425
58426
275515
72766
66625
66627
246427
68685
56399
258232
234579
203860
29781
115803
203601
23647
23648
232545
30657
48315
60517
129895
31852
21613
21614
268477
27761
40053
17527
83064
291961
244861
265343
224385
228492
228493
46227
46228
58517
58518
277017
302235
50715
208037
54440
44201
228536
5307
17597
40003
46959
85189
97479
275657
83149
165073
224469
48344
228571
267484
46301
84519
93421
93422
45051
93470
294138
40187
56573
207061
253191
66825
226571
17679
226577
247058
232734
232735
77093
46375
73000
7465
83251
56629
41865
103737
267579
111939
46409
46410
299575
15693
210255
230737
73044
106976
288086
267607
177695
261469
56670
56672
64866
64867
267621
19817
52192
62831
220539
298371
296331
126349
193937
85394
91543
306585
42395
250803
32161
201627
163236
233277
271782
228775
176711
3500
300462
54705
258578
13747
232637
50618
187839
13760
260829
58820
42437
255432
296397
140750
40401
265685
275926
208343
130521
116189
183029
71138
130535
263421
3569
52722
244191
13817
1537
161284
42501
12531
50702
50703
5648
239009
294418
84569
264603
103963
83487
15905
222755
292785
218667
63021
83504
83505
947
206089
99897
198203
273985
181827
50786
220753
283235
20052
36437
240349
20057
108123
237151
50785
40546
37903
266563
220783
50801
132723
24180
278133
257655
257656
257657
90047
51477
263810
9859
9860
50821
231047
179848
73775
288394
288395
132749
40590
40591
300699
302751
302752
257698
257699
257700
97957
237225
50858
224941
89775
272053
143305
9918
67268
48837
3783
265931
126668
14030
71377
98003
198358
9948
272678
241383
255724
255727
255728
73683
83703
20216
18169
245499
267221
18179
116487
46865
46867
263957
59158
136983
292484
263962
263963
47661
274053
243489
243490
259877
259878
38695
38696
44841
44842
245552
233265
306994
250163
272692
89914
84959
22333
75583
280385
132747
300873
169809
40787
79701
165713
216719
46941
132964
233319
233320
21479
264047
40827
284541
124804
286963
46987
186252
306157
268176
298898
298899
77717
57240
212892
16285
16286
176035
243620
221095
214957
44974
278449
292786
288693
288694
85943
254299
278175
42940
42941
268222
268223
272321
247750
47049
47050
210594
47059
71331
258007
38874
221149
221150
17061
272352
292835
241640
98281
63471
241651
45045
75770
16162
30717
30718
