282624
303109
286727
241673
14350
14351
277507
301076
45079
251931
231452
53253
196975
222555
224945
239656
301097
260146
24627
53304
53305
280695
243773
51265
51267
76313
286461
200779
301133
260175
288849
272467
290900
260181
260182
286807
270426
75867
257646
71013
56469
270433
266307
288870
84072
260201
290924
290925
264739
73842
22646
41079
297083
290940
84093
276607
278657
305657
260230
260231
22665
63627
8529
278211
266390
53399
288923
247966
237728
237729
237730
270505
223613
280760
256185
213179
57154
268478
73919
78363
51401
80077
267811
295123
258261
237783
237784
288989
217310
278751
285821
248036
299238
270567
270568
207083
235920
266479
305395
268532
207093
261161
241557
286969
92413
286974
286975
237829
51467
30989
272657
258325
258326
268567
61721
78109
273797
68315
160037
287015
287016
299307
303
304
264499
16991
287037
287038
236421
225603
225604
268617
269179
293197
229432
276195
13710
289110
289111
235919
244064
285025
272443
276836
276837
266601
250599
276844
276845
305519
274801
262516
8566
245481
272761
299387
295293
8597
276867
31108
12678
277569
266632
16777
272778
268687
217488
238659
29077
59800
256751
49566
49567
295165
78241
287138
266659
254373
254374
254375
246184
246185
225715
90549
203193
39327
250301
274879
96331
285209
264645
213447
76232
76233
247770
35282
47523
260857
39385
39386
266715
257045
266661
264672
59873
298747
78308
78309
174567
252668
287213
294653
47602
304894
254455
78329
303613
246271
31232
244225
286806
234001
55829
256534
298521
283161
37403
37404
37405
272927
277024
234017
283170
234019
35365
104999
14892
14893
244273
244274
283191
6713
47678
47679
270913
76359
76360
51507
293453
295503
221778
42425
191064
248409
41563
302522
234597
262753
74558
242277
27240
55914
55915
234095
234096
252529
74355
4727
14968
14969
232062
86655
187010
221833
250506
250507
14990
232557
4752
301715
301716
262143
271009
53924
268969
45095
276935
96942
96943
266929
76467
247573
230073
260799
287425
192335
266947
232025
83495
22647
279353
232145
260821
2775
2777
2778
101839
33504
271073
289510
289511
260841
191211
53997
275581
207601
244857
237012
260858
221948
60924
51967
268844
301828
269782
260871
64267
291599
260881
255107
240405
233945
54040
248604
248605
43807
238369
64305
291628
49967
285489
217910
281400
43833
297787
269118
74559
62273
305291
280054
176609
287565
101198
43855
54039
299859
236372
258901
269142
269143
238424
279391
268583
258914
276221
248676
31589
299878
271208
271209
207723
21356
269165
72561
275575
306035
207733
279414
279415
269176
269177
210413
276631
297855
289664
289665
271235
238469
54152
290284
46231
252028
206658
228238
228239
299920
273297
914
915
228246
269207
306073
62362
295407
99237
170919
246696
88549
270427
265139
44495
297911
179133
185279
230339
226244
58309
40439
305685
256973
294734
289750
289751
41947
297948
226269
226270
291808
44539
267236
19431
50152
267241
277485
300019
9206
267255
267256
244223
285692
265215
265216
244224
226307
297991
265247
50187
289965
236560
246804
246805
304151
19482
252955
60444
205853
50206
50207
233946
287778
91171
267301
267302
246824
246825
281643
29741
294095
257071
271411
52069
203833
78906
68709
257089
277570
281667
267335
265288
265289
246861
43193
234585
234586
7263
275555
234596
78949
234599
242876
262727
224365
287854
48242
304243
255095
78969
275580
304253
304254
246911
234625
21355
262728
299885
258352
107667
294037
242201
305007
255726
296096
265379
259236
56491
15533
115888
244914
162997
257211
257212
48319
48320
251073
221949
273604
217974
76999
77000
7373
294094
286925
62328
273618
216611
287609
232664
232665
226523
232669
253151
263392
262205
289659
46308
46309
56554
56555
234021
201969
305363
77669
304377
259326
87295
222974
299285
222470
23161
232713
251146
251147
15629
66831
302353
302355
240917
294167
273689
273690
278759
302369
293425
269609
222457
263469
290261
267569
77107
242996
36152
263482
290285
288060
258966
288065
287627
290149
32073
240977
244963
230743
3417
3418
294235
44381
275556
297856
212539
278758
169319
191851
259436
54637
22619
185919
238973
261502
42367
231791
302468
302469
293441
170279
77722
279789
306581
285719
300441
249244
249245
185949
241059
239016
301639
259505
30191
52664
52665
206266
298427
50625
264648
259525
300488
41785
290255
207096
302993
271827
290260
259541
259542
286167
302555
214713
306659
300516
208363
21996
259565
61693
73201
247282
208373
22006
280055
269819
290300
298495
290304
278017
60931
219982
259590
269569
3461
276055
273937
275991
304665
50714
50715
294429
237089
226850
222755
216612
99877
42535
259624
269865
220715
202284
297931
222767
58931
257588
226910
50743
50744
202291
269886
269887
225508
50103
237133
304721
304722
237143
237144
216665
222479
226909
216670
255583
288352
239207
247401
247402
278119
209347
238603
182819
267896
233082
287679
286334
265855
265856
245378
226947
8648
268566
302728
102025
50827
249960
257685
257686
288319
20122
14991
206493
274079
267938
40611
267941
267942
286375
261801
47589
50861
265905
206521
20155
272061
79437
59073
239299
267977
257741
79567
69923
85999
303737
7903
243424
243425
304893
276196
276197
286441
7914
252199
255725
24302
304883
261876
247543
272121
286335
222973
286462
255745
286377
76507
265992
236503
294677
294678
297947
287023
214813
38689
302883
253733
253734
251185
6777
57131
243501
299099
240947
200761
13620
296763
192318
261951
213695
233283
77639
77640
67402
233294
294735
274259
305647
192344
266075
227164
253791
59232
59233
57187
46949
223079
186217
57195
294766
178493
46962
305017
268688
202553
16269
67471
225169
55189
255894
255895
282521
274330
77723
47007
303009
282530
233381
270249
264110
303195
241587
14261
231350
262073
264122
272315
241599
245698
231365
190455
294863
226979
190424
289489
215003
290789
47079
55274
267943
287853
221168
231422
4087
231423
262140
45053
262142
282623
