292866
292867
241669
231430
231431
273601
235863
243595
47117
231085
262163
288809
231415
41305
262173
257029
260129
261463
260131
276517
276518
276519
255121
251945
288810
35415
262189
262190
290863
24243
239671
260509
17187
262203
67645
209711
264393
249927
249928
249929
235209
260171
4283
270415
270416
270417
251235
239703
266328
266329
260187
286813
286814
260191
260193
4194
4195
249957
257041
239029
261821
180255
120950
293225
260219
301185
305282
305283
219269
249991
241651
289495
288911
288912
288913
34499
241812
241813
253147
234521
255193
237723
243869
254113
254114
243875
278701
274599
270505
280746
279383
227501
278702
260272
260273
264673
258229
288337
270519
264377
305338
305339
268477
288961
295107
254149
254150
41159
16585
251853
230119
248013
248015
248016
170193
241699
241017
294885
227549
258271
237793
278756
278757
248039
227560
227561
180458
250091
268525
233305
248047
237809
284371
268533
268535
209145
217338
248059
274973
265941
287453
251947
149769
216257
260823
18706
256387
253083
278805
253765
274711
274712
305433
286767
297323
251269
272673
266531
41253
41254
237869
235823
297265
266547
246069
254789
287032
265951
297277
179819
268609
267883
256327
256329
274771
246094
246095
235857
55634
250595
274772
274773
248151
276825
266587
266589
266591
236523
301457
293224
274793
276843
276845
265293
5475
246163
39293
267271
274909
287101
39294
287107
256389
246155
271085
18833
18834
274835
265009
246169
246170
248041
246173
178590
246175
296688
306587
233243
70059
70060
271773
260168
295347
286777
271774
260169
237813
276921
245151
53695
291266
303555
230107
245153
233933
233934
233935
260560
299473
255067
223701
233943
256473
261199
254429
248681
254433
261477
90597
90598
68071
254441
254442
264683
209661
261439
244211
27125
301559
223737
223738
225023
254463
31232
84481
203267
257655
244230
244231
244232
6665
255069
254481
245507
264725
274967
254489
227869
23301
286128
289314
265307
268837
244263
223785
242218
41889
297053
252495
274995
49716
258613
37431
262714
221755
16958
16959
272960
272961
262723
242245
35399
238455
232009
239727
252493
88654
242255
258640
262737
290915
263097
35413
35414
275897
252509
232031
262752
232033
232034
262096
252522
277607
242339
41583
252539
32755
234603
297609
285011
47757
47758
297267
265371
262807
262808
262809
232091
211613
180895
256673
236195
242343
273317
252585
252586
289451
287058
262829
237801
273073
277175
250555
68285
8894
260799
266944
250567
250568
260809
260811
246121
291533
256721
240339
76500
240343
250585
260559
255723
253733
4834
4835
260561
260843
240365
260190
274395
239059
301813
230134
260857
260858
260859
266943
55117
219907
219908
219909
250631
270285
253732
250713
18221
289553
255107
242589
242456
305945
17179
259547
268240
39717
271143
271144
271145
295725
260910
260911
258865
254774
271159
258873
269117
268241
23363
52037
254790
254791
265033
265034
248653
256361
170832
170833
238419
238420
228181
269142
276281
279384
279385
228189
228190
228191
228194
21347
279397
228199
228201
238442
228203
228204
179179
34127
278131
238453
54995
258935
209785
238459
247527
36037
228227
248708
248709
150409
64397
243523
267157
275351
275352
293786
293787
258973
236447
263073
58274
267171
242597
299943
299944
299945
223099
238509
274996
246709
243597
294773
246713
265375
36039
239093
140228
256965
229537
234625
246732
267213
246735
267216
78801
56274
56275
267221
267222
236503
264015
256989
248799
291808
248801
269819
236517
255825
294708
226281
179178
267243
267245
267249
267250
267251
267252
246773
50167
246779
205823
121858
287747
297989
226921
255831
234511
234512
255832
246103
260270
223065
246809
245793
234519
33860
271393
237765
264369
70699
70700
230447
295986
295987
306575
212830
302134
275513
58275
295998
295999
291905
304195
267605
262112
244807
255429
296119
234573
234574
234575
261200
242873
54363
275549
255070
244831
255163
89958
91238
246887
285801
255083
275565
273955
287855
89201
33907
238441
241587
271893
273600
250731
255109
244870
244871
273553
232663
253863
264755
235375
265373
242885
294427
232612
255141
242857
242858
237767
17581
266821
252445
256319
275635
275636
263349
206025
273593
222395
18112
103613
17599
222400
222401
263362
263363
236741
17607
206024
289993
289994
304331
56525
89294
263375
259281
218659
36053
255191
255192
253145
242895
257595
264059
212197
212198
288977
150413
263401
232683
253165
232687
87251
95479
290247
222459
258231
249289
294147
246733
263687
5385
41175
48397
222424
269143
253827
11540
263447
263448
263449
301127
232731
304413
230687
253219
257317
264711
75049
44333
17710
258269
242994
242227
242957
224331
267575
288057
62005
261440
271682
271683
263393
243596
183627
292173
271695
257361
230751
251219
290133
240983
40281
294105
230747
222437
251233
251234
254523
240996
240997
268497
240999
241004
241005
261487
251279
230773
274261
268521
261497
232730
241019
261501
268523
220548
241029
276171
242241
261509
245135
271256
213571
306585
261530
261531
261532
261533
257759
303685
105889
265635
288168
221767
925
258933
249061
273595
275896
286137
67005
67006
278773
288197
255430
255431
259529
55885
239057
218019
252494
233415
269783
212440
212441
259546
226895
48605
228831
290274
290275
290276
269797
258641
38378
228843
228844
274265
288241
1522
228851
259573
120310
120311
259577
267855
239099
242261
237057
42503
263688
274007
65037
277421
267583
241173
247385
274130
44379
269231
243229
305432
218658
222755
218660
273957
294441
278061
228167
264115
257589
257590
257591
257592
263737
267835
294461
288321
73282
278847
40519
254407
273993
276043
247372
247373
247374
247375
247376
247377
288338
262753
15957
42582
42583
257625
237147
304732
254151
257631
242899
228237
58985
179818
226923
216684
61037
288701
274133
267891
267892
267893
267895
247419
226922
237163
262081
267884
245387
245388
267885
235153
18066
239251
247445
274071
250569
237211
231411
272031
232043
215009
286372
286373
40615
71339
267890
5405
296625
296626
296627
296628
238407
276153
261407
262815
81597
261822
257653
3776
302787
239697
245447
271749
276169
276170
255691
255693
253901
235217
284370
306899
224980
224981
32451
255703
224985
265947
21991
276191
258000
30435
302097
265957
262097
247528
286441
276203
59119
59120
296689
296691
255733
306935
125409
285799
255743
249451
286469
245511
273981
274193
274194
274195
245525
266007
258249
268591
265467
245533
253729
294199
274211
238609
260909
270118
243495
214127
267797
243501
243502
242995
293507
243513
276282
91239
266045
121859
248800
263365
290627
237381
237382
262113
295349
249317
286541
233295
233296
259921
237383
295907
304981
233303
233304
255833
274266
273956
212829
256069
231397
236497
252523
212837
212838
212839
230753
253805
243567
253808
243569
223063
267923
294772
296821
266103
223097
266107
226282
253823
274305
226283
176005
292742
243594
303767
242883
233357
239105
231405
223064
253841
253767
33091
247751
274327
257945
264091
251161
268193
292775
292843
3775
253873
65459
257973
18761
241592
288699
268221
288702
257013
272321
231363
268228
34759
231369
14282
246775
292813
272335
272336
258001
237196
298963
241621
295763
4431
225658
231391
231392
231393
231394
30691
241957
241639
251883
241644
285010
251887
275112
255051
55635
217339
55636
262143
