288331
231427
276822
251910
251911
112648
249865
283991
32780
14350
14351
272405
16407
124185
239645
235525
251272
18467
208932
231466
239669
112649
24633
96315
64
65
84035
290886
290887
290893
22607
229457
266323
286805
220857
227419
278620
260189
303198
10337
280684
280685
245437
223351
223352
237689
248613
299133
302443
192644
239751
114711
65677
206992
206993
47251
22677
305309
305311
37024
274593
254114
94373
239786
239787
239788
247982
247983
247984
22709
264375
73913
189130
39102
229567
86208
258243
17601
268491
227536
296995
253831
280791
241880
286937
64793
299230
207076
207077
264433
265939
248055
2298
221567
219871
237825
233733
256271
266517
264473
264474
227611
262432
262433
276187
268581
268582
266097
251271
289069
41262
41263
69937
252211
287029
251273
102712
287033
230111
20797
258367
201025
104775
92489
254288
276818
276819
276820
276821
305494
305495
252248
51545
13711
145757
12638
256351
49504
283569
256357
289131
69999
278133
237937
244082
188789
244087
39295
231808
276203
264582
199047
253769
268692
233877
262550
240023
240024
287129
263920
274853
276551
250633
47535
151985
55735
94648
276275
254395
162239
264642
264643
301508
285126
22983
22984
57801
301515
244172
65997
272849
17827
264661
264662
254423
295439
244185
23003
239697
303595
178669
293358
23023
266737
274930
63571
16885
16886
252414
252415
31232
223745
250371
233988
254469
234000
229896
262665
254477
264719
262672
274964
302329
240271
128090
88607
279073
268835
293412
268837
209446
41515
305327
268847
285235
6709
6710
55863
285240
272953
272954
242235
258621
31294
31295
262720
272961
207743
262725
272970
272971
128091
98903
221785
219743
254561
176715
86639
86645
86646
232055
270969
232058
264639
283265
283266
236165
236166
291463
240270
262253
244163
252565
64151
64152
152371
232090
9327
258716
250527
265917
178858
266695
217397
268975
233329
301854
256695
269805
291516
705
275139
254665
297674
297675
172749
172750
286650
117463
271067
95013
228745
252641
272167
176876
60145
263361
206633
238329
228821
203222
250630
250631
250632
238345
92499
20951
267022
228121
242462
305951
248395
209700
269093
292245
250674
275251
234293
64312
95033
285498
295741
43838
43839
86848
238405
238406
219975
288359
234316
276621
256853
285497
279385
265359
111453
52065
248675
258917
80746
275307
289644
260975
275317
248695
267129
39743
152447
295812
52103
236424
287626
287627
228845
256912
256913
291730
265107
252821
289686
304024
228251
280792
89242
279455
224411
235825
238506
263083
41902
41903
267184
267185
283570
274931
297910
277431
293821
263103
253771
226245
31687
272951
287691
205774
267215
278407
277461
267223
249015
207839
291808
194881
293863
267243
46611
277493
267254
187389
15359
257024
257025
265222
277513
246804
258222
298007
298008
244763
230437
230438
285737
49503
39981
35889
224331
285875
261172
244791
101432
101433
255035
55223
205888
281665
281666
257091
13385
248906
60491
22370
265299
265300
221127
21591
244826
233999
255069
201573
119312
232107
285799
224363
275564
275565
23663
255088
234609
201842
265747
86207
253054
306303
249225
259207
265358
281743
265360
119953
107447
271514
272958
294047
279713
181410
259237
259238
265383
42155
46257
175283
302260
302261
79030
79031
263359
263360
240833
85187
261317
99526
253130
269515
160977
259284
263381
263383
263384
232668
273629
201952
271227
224489
214251
228595
181493
276009
302328
64761
259323
302332
93437
292103
294161
253205
279830
64791
64792
222489
298268
298269
296222
231301
253216
253217
222501
263467
304429
261481
271240
289331
290100
230712
296253
71991
275779
275780
236479
189770
285239
292180
58709
213561
230745
271708
230753
54626
253285
230761
261482
261483
292206
261491
254757
230775
230776
230777
262719
274325
94784
251270
271751
271752
234889
251274
7563
13709
13710
220559
15760
304533
114071
286105
36250
261533
208931
277923
294471
211551
239026
265459
230839
286137
91579
300477
292286
40383
239043
290246
295159
179660
237006
21967
228820
280021
280023
268196
187867
259549
249310
52705
259557
237030
237031
296429
269806
200175
237044
261621
239094
182133
254479
267786
267863
298509
206353
210451
22037
42519
304669
218654
222755
113585
298536
247337
263723
292786
247343
222770
22069
16841
233021
296511
282177
63043
280132
233029
245319
52809
262743
103351
288332
201981
226900
50773
280151
298585
276059
71260
71261
210528
206436
206437
241653
294504
237161
257639
228973
237160
20085
259706
259007
208509
9856
304769
267906
257670
210570
294539
30349
274029
263824
298641
276419
288406
261783
261785
276123
272666
261794
267941
69288
69289
185287
228165
102073
200378
20157
87743
306880
304836
292549
154869
267923
254422
288464
292561
243411
232057
245464
30425
173787
276188
247419
302821
288490
288491
108149
255728
91816
235253
225015
274169
38655
277463
41261
270133
235284
243655
255773
274889
210727
212777
59181
263986
286515
223028
253749
55095
75577
263999
264000
18241
253764
299577
22342
264008
294729
253770
106807
266025
242293
67408
67409
202582
202583
273039
292701
22369
259938
259939
229226
304103
293181
157553
266098
267815
210804
16245
16246
225143
274410
262123
223108
253829
262022
305473
36744
225943
185927
233359
274324
36757
65432
278425
87967
268194
268195
251812
268197
184647
292780
217006
278447
290737
290738
6070
264521
212921
212922
286651
230035
237501
298943
272321
189771
280516
256959
231366
256673
203221
270121
94162
305107
251913
272345
278491
292834
34787
253925
288929
303081
262122
202731
247790
241647
12272
251889
231411
272373
231415
231416
231417
240298
