241665
231425
251919
274451
239636
239637
251928
178201
45082
45083
45084
231453
255939
273755
34854
260785
231467
292909
190511
190512
2097
107205
251959
53305
301114
301115
41021
286783
106563
106564
258117
45126
286791
305996
270410
268363
266739
251987
282708
254577
270424
297063
243804
297053
84802
63585
63586
206947
43109
43110
71783
219241
286828
288879
280690
290931
288788
227451
108435
235956
71807
53377
269675
195265
244895
268433
293011
288917
260247
260248
2201
229530
239775
53411
293028
107206
24283
250023
195612
287431
301228
278701
278702
12465
278706
278707
247989
247990
51383
53432
288953
299187
72053
92353
250052
37238
186566
107845
258249
291019
217295
166096
288978
265867
261401
209118
268511
217313
58451
288995
258276
55525
92390
227559
277543
278765
278768
297202
51443
278773
237820
69333
41219
225542
227593
280843
196876
190733
258318
18704
59665
90386
279561
266563
235801
59203
219423
276770
293155
302011
194268
41259
268588
268589
297262
297263
48838
289073
276786
41267
47413
49545
35129
262462
31039
31040
303425
76099
266564
297285
304095
293192
198985
258381
49487
49488
194897
256225
242003
132494
8535
69977
201050
270683
276833
178531
266596
227687
241042
295280
226899
273811
78197
49526
49527
258427
258428
59773
127361
223621
266632
276873
278922
278923
248859
264593
147861
260847
92896
266654
262213
235936
235937
18851
29093
274854
246185
305578
45127
37292
37293
241053
286792
270772
295847
227766
287162
287163
78269
270411
295367
107847
254410
136951
18705
272845
105923
78291
188885
119255
264666
29149
264671
288347
76259
287205
78310
305639
23017
156139
105924
2541
255741
55323
264689
223730
287219
266740
223733
305577
88568
135673
135674
233979
207357
189525
31232
276994
252422
252423
302167
252434
252435
279061
254486
217623
84740
191003
244253
213535
252452
264741
258275
6698
66093
258141
244276
215607
215608
215609
254525
285246
244287
304887
252481
252482
262723
53830
268873
6731
196491
4685
299944
293460
268885
268886
92761
211546
289371
242270
242271
167355
76390
303719
266343
262765
7272
291603
48233
27261
303743
270979
291607
213645
213646
250512
236177
187843
94869
260760
260761
45723
123549
280005
134417
277155
273063
55979
262828
211631
221872
2737
228019
53945
301755
301756
273086
273087
287425
254411
107204
262853
45766
107207
287432
256371
239053
288355
209624
301785
258781
258782
53983
246496
246497
25315
43749
72423
232170
82667
289518
289519
271089
248565
241108
250621
41263
72447
231345
230187
260868
260869
271110
290945
295689
131854
131855
131856
131857
305939
72469
260887
291608
74525
254751
254752
304674
250667
83899
41780
213814
33591
300429
299834
299835
231347
211774
277311
217920
41794
41795
105284
105285
105286
290273
248648
213815
238412
289614
166735
166736
250707
287572
86871
279443
225082
271199
238432
15201
15202
263995
209765
215911
258920
248681
287595
248685
255805
285843
238455
37878
260987
53153
258943
258944
248705
251967
41859
59019
287625
294039
252813
93071
250769
166802
166803
64409
287645
277409
304034
304035
248741
248742
248743
286835
228265
228266
105287
297902
297903
304051
287671
236473
302010
187551
272405
31679
31680
238529
256962
76740
93125
89032
209740
254470
259021
50126
285647
50128
195537
189398
39895
9176
236506
262991
233978
207839
297952
277473
17491
226811
185316
289958
82919
40405
226283
269821
295920
216049
218098
72693
50166
50167
250708
265211
135675
128000
257025
295942
285703
226312
226313
279562
279563
306190
221191
240658
290207
246805
246806
248857
248858
236571
236572
291503
37923
298021
29734
268465
298024
234539
275503
101426
4275
39990
271415
39993
238431
264373
269376
298049
40003
40004
48198
256865
226378
87115
255055
294072
36707
68693
119895
265310
265311
271460
205925
214119
48232
261225
296043
306287
243560
291347
136311
136312
136313
234618
234619
38016
282043
285827
296069
38026
12460
58509
302223
142022
253123
146580
279701
218263
48282
191643
261276
267422
267423
267424
267425
267426
267427
253093
253094
294055
220551
300209
265397
242889
216248
216249
223729
285883
255165
46273
253122
58563
304324
304325
222406
236745
273610
7371
5325
205787
285903
230609
263378
269523
87252
285902
212186
289999
18981
36067
255204
242918
242919
60811
54505
273959
106566
57213
232688
222449
288305
263414
103977
7271
253180
248704
11820
285963
251152
236817
296211
236821
300310
185623
91416
91417
46995
290075
273692
232733
106565
273697
253218
253219
251172
278065
273705
56619
210222
263471
296241
228659
294202
295403
195901
273726
294207
294208
195905
255299
218097
253253
253254
257351
202056
166715
300362
295479
293432
238931
300447
200022
32313
230744
204004
106567
279439
5468
64864
253245
25955
232811
263535
271729
75667
296169
290170
13691
258919
52605
261503
3456
241025
154859
45633
255895
262722
54670
238994
292243
292244
269717
44443
220572
75165
44447
270989
269729
290212
218537
288652
239019
287220
295963
256243
75193
288107
288789
42429
304065
79299
71108
105925
105926
105927
249288
277410
300496
251347
259540
288213
269783
272423
235802
228827
243164
62945
222459
210405
196931
223143
228849
280051
249334
296439
252500
261627
269219
259583
259584
257537
269151
269830
304647
288265
292371
302865
218645
65049
65050
41924
179743
230946
222755
52772
249382
249383
257577
294444
278061
257629
247345
112178
229299
50742
50743
288312
237113
293567
239169
195851
93765
263751
304716
288338
276067
190734
120407
206427
257628
288349
267870
298593
255587
30308
54885
250129
276072
296554
28267
267885
198257
50803
300593
267895
296568
175738
265851
304746
128640
257665
243333
298631
226953
226954
280203
204428
190093
190094
40557
91793
241298
288313
263973
247446
255639
267929
23892
302749
40609
50853
30375
108201
20720
273693
267952
276147
87893
199625
34489
14015
18061
302785
296642
255683
21471
296567
304418
288469
38615
296641
50127
238402
302816
302820
206565
7911
7912
225002
294866
306927
237297
237298
255735
257787
241405
38656
240939
128641
278282
293847
26925
263953
276707
286483
147220
147221
259867
268061
224901
152205
288545
208675
192292
261925
266022
268593
304937
304939
253742
108509
50185
304949
286522
286523
77629
65343
291808
253762
278155
253769
272205
132498
286543
261926
247633
187873
276309
298962
259931
249692
77667
243559
296808
296809
155499
67439
223088
223089
273727
272253
247445
41789
272259
284549
251782
251783
262025
57227
57228
296845
251795
46996
253845
253846
235161
243611
296615
246085
294817
251811
251812
94119
94120
6058
294215
65453
276808
210867
231348
294839
214968
214969
278459
253885
196542
96194
280691
128001
264133
108487
55249
55250
257505
289557
268245
268246
55289
272347
298973
262854
241631
180192
239611
210919
47081
235498
235499
262125
300311
274214
221177
14331
14334
262143
