4779
241669
55303
296970
233843
53260
296978
14358
16407
260121
210970
45083
45085
262174
172063
172064
172065
57382
232113
43048
4138
4139
48819
247861
59447
59448
266932
198714
301116
300881
272053
211013
223303
38989
172114
259487
55382
79959
270426
221275
301149
301150
249954
2153
2154
249964
249965
229053
63605
100471
229055
9207
229503
219265
20843
16406
246465
247947
247948
268429
274101
290963
92310
233627
47261
223391
276642
245446
284839
305320
30407
57521
270515
274612
274613
213175
221371
221372
274621
51390
284863
93707
26821
26822
237767
235723
94416
69842
244771
151765
264408
264410
264411
22753
41187
233338
22762
49387
49388
20717
51438
176367
227569
6386
52947
59636
37109
268539
71933
224050
127019
76036
41224
30986
225547
293133
284862
61717
92441
100634
102685
274565
252195
239911
82219
235821
287453
287795
49460
10549
272694
57655
272696
10553
262459
41277
229694
229695
69952
16710
231753
173111
293200
293201
279267
74069
242745
10586
46930
297018
266594
20840
85461
256363
10606
10607
16752
29075
201077
291192
291193
270399
252285
51582
51583
250240
244097
217966
41351
305545
305546
276877
253769
200429
275523
291220
264601
8605
276208
301475
158116
260523
18869
18870
37303
47546
32159
291260
296010
287855
39359
18882
221635
215493
291273
16119
171426
223698
229848
291291
78303
203232
244196
121317
18921
97877
8688
162289
156146
303607
233977
86523
264703
31232
109067
57868
272910
272911
213520
252435
252436
6769
37403
295685
65627
194311
76333
25135
10800
289331
242232
242233
242234
10811
238141
57923
10825
37452
37453
125520
272977
88661
35429
242278
33215
86635
273005
103022
33391
64113
115314
29301
29302
43113
37499
37500
242307
273028
215687
277128
277129
135822
6801
14998
274543
88627
172703
256673
66214
285468
4778
111275
74413
256689
101044
96953
64187
248508
35517
230729
285376
285377
297669
229054
255689
43729
244443
287452
4829
299747
111333
90855
250605
301808
287478
297719
17147
211711
142080
240387
275204
275205
17158
305930
232205
64273
43795
39708
285469
213791
152353
275234
54051
234277
234278
295724
230189
39729
84786
271155
250677
204205
222011
121661
17214
6976
6977
94347
64326
33609
93011
277333
277334
78680
224051
217946
242524
242525
248976
17253
50028
52077
52078
265073
188563
60277
52091
207741
29567
285570
285571
197508
52101
41864
226186
226187
248716
248718
150419
93082
232347
248732
41887
295864
252835
240551
78115
62362
50099
170935
158648
295865
230335
5057
202571
156615
31690
87719
250675
11226
78812
306141
291808
304101
242663
21481
100178
19438
19439
20083
46069
216055
216056
103935
244732
70655
264704
19459
50181
300045
29710
240656
91159
31769
234522
265050
302113
290651
52260
52261
32945
58410
265260
275501
300079
265264
15411
58423
102580
40040
19517
228415
166976
66625
57867
258975
138313
138314
295095
275535
89169
64599
306265
224351
124091
68709
40039
162920
19561
19563
19565
9327
9328
304245
304246
281721
281722
109707
273551
214160
292598
222403
238741
48279
263323
165024
302960
68771
68772
92358
300572
92359
146604
253103
289971
273027
300574
105654
17609
242873
39730
42869
95427
253129
138546
300237
95439
273617
222418
44243
195796
77017
15581
191713
230631
7400
255215
64753
211653
242933
232697
46331
234755
46342
27911
204040
262255
97553
59311
154902
253215
47664
64805
20707
75054
34095
56625
56626
138547
62773
40841
277817
277818
107837
175425
9542
97609
56655
271698
271699
230740
230741
230742
569
300387
36199
7399
173421
13678
262717
251795
59637
192699
164807
169336
50751
281081
3461
17798
226697
238747
214415
271762
44435
20718
232346
288159
171424
171425
275874
21403
234916
234917
234918
6385
73129
273991
296364
227570
13745
85426
71099
52671
218562
304715
30148
277537
298913
21965
71118
265679
93651
245204
245205
62935
114136
306651
300509
300510
290271
290272
97531
306661
88657
215071
290285
290286
304885
198139
16977
243203
81412
42502
226827
73228
46970
231371
40559
1553
242947
212502
243289
54809
232986
249371
267804
300573
60958
91682
222755
195846
77360
77361
50738
273972
273973
230966
230967
273978
50750
230975
304705
108470
91719
79433
16311
218703
257617
87636
151125
77399
185945
237147
237148
22113
304741
22121
20077
20078
20079
61041
214643
216694
216695
81528
61053
304768
28289
243331
50821
276102
267913
65983
300685
302739
260718
155542
183960
278468
62063
288415
214690
214691
30372
302757
69286
50855
102691
245418
245419
245422
286385
16051
59060
9909
272054
278473
204472
204473
77499
40637
40638
59071
110275
16069
16070
16071
138953
112330
265936
265937
61138
202451
65237
65238
306904
306905
100058
184029
40679
40680
303412
79597
9966
9967
9968
28405
71119
38647
38648
300802
300803
251653
304769
248099
28431
298627
239381
300335
7965
276101
180779
69411
7973
16168
289415
292652
300845
157491
18229
243510
235145
87079
272693
38721
10550
300873
272695
300877
87886
300879
300880
223057
223058
223059
196436
36699
290652
67422
259937
36707
36708
253797
289767
108398
270191
282480
282481
58507
243573
198518
233337
111427
266109
233347
233348
294789
14217
243595
274413
108432
300947
257940
46997
46998
216983
264093
253855
63392
14241
178085
135083
16301
32686
108463
267251
253876
36789
98230
300983
288697
201717
57283
59332
217031
98249
60407
182221
182222
45009
88021
88022
65501
210911
6117
22183
251884
36178
75759
6129
44371
16571
282281
63480
288761
45052
