227329
96259
265901
288786
276499
303449
215064
291844
222554
26654
231455
272418
274468
229415
215081
194603
276525
81970
272435
241332
264693
229437
83269
204871
163912
163913
194915
120916
276569
79965
276575
43104
286817
260194
297059
71783
43785
55405
133231
18544
277523
276596
172149
100470
84089
14016
14466
192930
8340
237511
266391
266392
233626
254107
295068
256709
41120
159905
295074
255003
305318
305319
288937
247978
22699
254124
22703
305329
231602
102579
237749
41537
123593
100537
100538
182459
268476
231619
102709
228385
295114
282317
176336
61649
110804
32981
274649
20700
305373
95072
229604
229605
229606
299239
227561
270575
237809
196850
196851
60799
41220
41221
61705
206551
102671
41233
258322
227603
303381
215323
48859
293
37891
44423
241627
256304
258353
258354
119091
257585
8502
8503
241982
241983
147851
287045
184646
184647
262473
248145
196210
235865
235866
225627
47453
39799
266595
303461
55658
303467
303468
256365
117822
272758
8568
303484
104420
240000
240001
188802
59779
255675
297353
188811
188812
43757
254355
301461
78233
291227
111005
256415
8608
209313
229794
274859
50888
237997
242927
90545
168370
305587
256089
272457
70072
39353
49595
303549
281026
195259
76230
271777
192968
192969
77559
193954
82191
243201
182743
2520
272859
229855
49633
98787
23014
23015
264681
264683
6636
49645
189191
43116
37363
37364
213493
272886
267689
253159
31232
84484
84485
194605
217613
272813
78353
207378
37395
37396
166421
299543
94744
55833
286127
186909
117278
18181
301600
277165
48219
274980
287153
176682
301611
305586
57903
279088
236081
49714
6711
271796
287327
238139
285213
286816
265995
286134
244637
76362
3511
49333
64081
275027
45653
248407
76381
76382
289375
14948
279141
252519
54655
297899
301501
291441
14962
21108
47739
82557
66182
74377
36631
232076
154254
239725
291473
215703
215704
103065
45723
49820
300833
52677
274305
62113
278465
53924
225957
43686
43687
27304
270791
240301
300829
163273
96955
195260
230077
185023
258753
290605
53959
260809
13003
13004
15053
43732
271061
80604
80605
101220
232165
258791
258792
230123
80621
215797
267000
240383
271376
243841
216615
234251
37397
254765
244497
279319
64283
271141
254764
193325
269104
239411
240436
267061
183097
295741
289453
244545
230210
230211
290615
265036
41807
226133
295766
13113
65769
95071
238432
228194
228195
238436
248678
238445
248979
147262
203241
247956
289659
258943
297857
297858
41860
41861
82824
264684
278679
181226
261011
304020
273306
273307
305547
63642
242739
263078
31659
95389
258993
215987
273332
236473
252858
236475
242622
114805
272299
82881
293829
293830
294049
291785
17357
175055
83449
82906
265179
5085
268860
291808
52731
109544
181225
56298
226291
273399
55807
13312
60419
60420
257031
240651
265229
117775
216080
277521
174138
261140
259246
257049
300207
273440
230433
107555
2519
60461
240691
240692
293943
271659
278107
50235
117821
285758
285759
300847
286219
236612
106285
132167
193608
193609
136267
302163
302164
48313
291929
291930
304219
182458
230494
230495
224353
26811
285797
246889
238703
291955
291956
273526
203611
27770
27771
47635
295939
84669
46955
54663
271495
48265
50315
297849
73240
280771
263318
214167
21656
187545
289946
289947
187549
19615
261280
302241
259953
176327
289966
289967
65303
300209
58546
289975
48312
11449
238111
259261
234016
115907
267332
244939
251819
99539
242902
72919
300249
168143
34753
31611
32980
230950
300263
273642
273643
222447
290037
245069
20692
259967
56576
60677
236806
253191
77065
290059
290060
144653
136463
288647
40213
85271
206111
56609
87330
87331
267558
298279
98537
263465
116011
23852
36145
82629
306739
154932
15673
15674
185663
253248
200001
62786
285579
259396
298309
83270
277835
42317
300371
214362
214363
71005
267493
230753
97635
248038
46438
36201
230763
191857
19829
186601
63605
264373
234731
237462
105862
220551
21896
269706
269707
277467
44431
44432
95635
73109
73110
275863
21914
105711
230815
193953
271778
271779
261540
39153
44457
101802
292267
193964
193965
193966
288175
288176
296369
271795
56756
275893
275894
275895
39943
255417
306621
265669
52678
52679
245193
10415
267730
264352
259397
259553
71143
298475
294484
83451
52734
255487
134657
130562
116651
73220
50699
73228
42514
222739
7700
73239
284184
284185
93722
273947
284905
243233
222755
253190
263718
222759
216616
288297
22059
239152
222769
306738
243251
237109
212535
214587
73227
266507
278085
247393
81481
159306
97549
32339
32340
32341
253526
72633
279140
304731
304732
304733
232037
81505
61027
42596
237159
274029
104046
38512
38513
67186
196211
22136
233082
102011
226942
237185
288387
40583
292119
304780
30351
304785
220819
200342
261783
283894
287685
267937
257699
59051
59052
302765
257713
241331
7860
50875
216764
272061
241023
241344
241345
3778
263878
132807
194248
194249
126666
236834
272087
91865
53319
268239
61149
231134
231135
50914
50915
94987
79597
296687
296688
14066
16116
120567
59135
67328
173481
87339
18180
67333
38662
98055
266091
38668
300820
300821
79639
290584
290586
290587
290588
302877
196383
30497
263971
38515
55082
95799
286509
290606
290607
46896
232755
292662
177975
177976
302905
229180
280381
197471
249663
249664
280387
37365
249677
28495
110416
270161
288939
43162
274265
274266
259931
134458
36706
186211
253803
266092
253809
36723
36724
36725
24553
8060
300925
16255
43709
135705
233349
237446
237447
174743
290700
225169
56643
237461
46998
288068
247707
298909
114590
235423
235424
237474
266907
298310
264107
63405
235441
235442
98228
217014
253882
40891
243647
20417
196547
260039
209911
85965
231375
301010
268243
223195
61405
231393
89083
91722
112614
272360
61417
266919
66149
237551
34803
221177
