55297
59051
225285
296966
263099
144045
45072
251921
251922
231427
11950
34839
268555
240644
92186
292891
62809
64176
16419
223269
262833
276522
32813
272431
251953
32820
245813
245814
36919
225337
225631
91829
61504
286785
24155
73795
223301
227399
223307
28750
9229
16465
297046
257646
28767
41057
249954
220859
266340
229479
252009
50194
53358
73839
73840
59505
59506
203795
208575
262268
9578
55659
178881
266377
20619
64654
172175
104597
294505
227481
213151
2392
254113
254114
191908
92333
43191
41145
274619
229066
39285
234528
297675
248007
83478
30923
268493
42555
274640
274641
8227
250073
250074
43229
131296
288995
288996
209129
209130
209131
248047
237808
248049
18815
6186
164094
63743
256384
80133
254217
19990
90379
289036
289037
231694
231695
71952
71953
71954
61716
302126
268566
268567
302525
61726
241959
20776
293161
201002
201003
10540
303405
12590
35123
41269
266555
92477
39230
31040
31041
272706
272707
160069
293192
229705
293194
9563
81634
22862
61775
252240
69969
49491
293207
127320
41305
289115
289116
289117
57694
57695
51555
18788
20839
240359
18797
268430
39284
20853
61503
37245
256383
18816
244223
68673
13055
306583
297357
178575
86418
256403
238372
239695
291231
246512
76194
276899
255729
49524
50247
270766
270767
16817
44887
70067
47541
49591
57787
57790
59839
211392
270786
49605
86473
86474
100812
39384
47577
47578
75195
38656
270818
306939
240997
249953
59132
164095
17679
47606
47529
244216
244217
244218
18175
509
264703
31232
20993
70146
7595
300801
295433
295434
295435
295436
233997
86542
245165
238098
274963
242901
291588
210606
264736
47649
215587
238116
258599
57897
64051
293428
293429
183049
88632
264761
268858
55867
57919
43586
246339
55876
283205
242247
242248
207433
207434
70071
182860
211533
74318
248333
55889
52705
27221
240215
240216
113241
240218
267023
272991
107105
107106
107107
107108
264807
78440
265660
232045
107118
45679
75539
31352
252537
252538
115325
74517
203393
105091
154245
289415
35465
273035
252561
96915
286989
74390
96919
86503
205465
41627
297355
92829
221855
57983
62115
55972
223909
277158
35496
256681
125611
96941
215727
62128
62129
23219
246453
246454
35513
43706
239458
74430
33473
240325
82631
266952
266953
209611
209612
209615
299811
274375
244857
85405
62169
220507
287451
256849
299743
59771
287469
277221
240358
51943
87164
275239
266989
53998
13437
72432
51954
51955
39668
39669
209659
209660
297725
294499
13056
240387
240388
258824
258825
269069
287502
54031
249313
48942
49942
39703
35609
54042
257645
84765
270128
8210
275235
221988
41765
209702
209703
95016
238377
295729
265011
41781
234300
109373
123715
90951
234636
64709
285563
95052
131919
60241
43858
64339
219989
56703
271196
31584
271204
265062
288701
267115
245181
277361
14995
126724
46911
11135
219415
52099
304007
265098
265099
41869
39822
72591
72592
72593
93075
269204
267157
267158
252823
242585
39834
207771
263069
9123
48177
39847
21416
229191
109484
304045
269231
54192
246705
246706
232371
226229
119737
82875
65354
68091
33857
35784
263115
293837
39995
29651
304185
283607
283608
288091
263131
9180
68573
19422
68576
304097
236515
33617
21482
53976
257005
257006
37871
114021
56063
293875
293876
21493
39927
39928
263163
29693
162814
303957
257024
244224
281603
250884
240645
119816
297995
9228
297997
58383
257042
257043
257044
230422
154650
291868
220189
234527
250912
40621
257951
89129
304597
58411
58413
58414
302127
107569
48181
29750
50231
220217
209978
271419
250940
220221
220222
27711
273473
273474
215057
239457
228424
291913
265290
297233
302157
48653
271441
108387
305337
17497
263258
263259
271453
80994
87805
76907
54380
40045
40046
224367
110651
48246
17529
39103
167036
68733
255102
60543
38016
21633
7300
40069
280527
16577
296075
296076
296077
87182
225133
238741
234646
299545
300184
38041
288377
156827
283845
46241
109731
58537
17579
232625
246969
261307
261308
47648
265410
68803
48325
300230
300231
300233
171213
40561
23759
9763
27860
27861
113881
273339
167131
290012
201950
299352
238817
107746
107747
205515
32977
277739
158733
79088
46321
232963
222453
64383
58623
272484
113922
107782
165761
306440
294153
48397
175374
263439
15635
49941
87320
93468
93469
247070
54559
255266
66851
29777
288647
39821
263473
22067
36062
294793
216377
42299
234813
304446
304447
104461
179521
179523
288071
267592
285583
5455
34128
34129
7509
248141
268857
54616
226649
34138
39823
257023
104975
290145
261475
298340
75109
240998
240999
13674
13675
230764
230765
93550
34162
42355
45601
3450
1405
47579
269205
54656
271745
49625
85379
34180
50239
257420
290195
54677
34199
44441
44442
289007
85404
13725
234911
267163
54692
54693
46503
85416
44459
40364
32173
32174
245167
245168
173489
275894
253513
251323
234940
306621
267853
17856
291403
222661
222664
183332
96137
126417
44498
286165
297178
206415
271836
32224
296417
296418
274001
93751
228849
20782
34293
32246
261627
54784
224771
224772
258649
263687
91052
212490
212491
273933
296466
50707
192020
267797
294477
240217
43697
258991
273949
212511
185888
107745
207435
222755
9203
11815
55359
171565
20016
288008
247346
3635
22068
42551
42553
83515
130622
5696
42561
179778
280131
224836
298341
63049
81482
263755
178491
306765
206414
56589
274000
5713
247395
150457
58971
80144
50787
278116
263781
274022
274023
71273
219849
30315
243309
263790
50799
237168
30321
30323
32373
32374
289385
96279
9849
73229
163454
63103
108160
298625
247403
69911
50822
59015
241288
241289
9866
10519
255629
235911
159429
206483
61076
61077
33540
67223
50844
102045
102046
292511
272033
304802
38567
200361
57003
11949
40622
247069
220851
48821
272057
75039
159421
254427
50879
292544
274113
34498
7876
270385
294599
292552
229065
20170
72994
40655
69329
255267
272086
94841
126680
163455
77532
286429
95970
21457
136940
136941
59121
22359
276213
225015
18169
194299
306940
255741
255742
255743
255744
302849
302850
40708
19073
177928
22087
296715
296716
296717
41261
198418
259859
177940
41262
225049
116508
239391
225058
22307
46884
1829
270119
243498
73515
48940
48941
272174
10495
233264
233265
78131
14132
46901
55097
300859
239360
79679
57156
48965
239430
239431
8009
292553
273719
22349
22350
304027
298979
300887
272216
20452
22363
79713
108386
57187
51266
253800
73578
225131
202605
225134
79729
34675
251881
110745
206484
255978
243584
6017
259972
46981
30598
10561
109548
294794
294795
57228
247693
247695
186257
63383
16909
257950
55199
298914
227237
63398
63399
298920
237482
231341
274351
55216
206770
180211
227253
42934
59805
39924
268218
83901
262619
57279
220491
235460
241607
292808
206793
299812
260369
6094
6095
268240
268241
221139
251861
104408
10203
306879
81886
30687
295695
106466
106467
45028
231397
196945
255977
200682
237169
42995
61428
143017
22521
62463
38571
