45057
65538
55299
45061
4103
55307
231437
96277
34847
63528
4138
34865
239695
239703
53341
39953
22639
209021
209023
229515
53397
53402
53403
250019
120996
120997
11735
12455
53423
69833
2252
22745
227549
294135
51425
30961
61685
41208
61689
61690
61691
256253
255
61702
61703
41235
41236
82197
258327
18715
49443
49444
49445
10534
43326
8511
49475
4420
235849
50203
246097
235881
235882
235883
22894
22895
31103
49538
49539
39301
61835
18829
49553
49554
49555
39320
266653
266654
37281
51618
47525
59121
244807
8621
246192
18874
74281
49606
249379
16843
16844
255737
254426
6619
254428
233949
233953
254437
209661
6651
13057
47628
47629
57870
47634
47635
57880
47643
47644
47645
49695
49696
49697
47651
84516
74280
47657
47658
18525
66097
274999
47679
47706
33374
62047
252527
4727
48916
45701
55947
66193
33435
45725
43681
43682
262821
64167
76457
76465
51901
56008
230097
230113
240357
23278
260857
54013
43775
43776
43777
64259
2823
230153
230154
230155
54043
43806
244187
2857
54062
54063
54064
54065
41797
6625
2892
238427
228189
228197
52073
21355
11128
11129
93067
21389
52122
52127
50083
50084
54181
253787
11179
11180
93117
959
16203
41924
60359
21449
50129
21460
262817
291808
256998
256999
192341
19457
50179
80901
19463
19469
19471
50193
39955
50197
50198
39960
9243
267293
70688
70689
70690
50211
48165
233308
223069
58433
40003
40004
50246
50247
52749
265311
234593
68706
68707
58481
17529
38013
17539
48269
78993
48275
38041
48283
50336
50337
50338
46243
85156
58535
68776
68777
66738
38075
58559
212179
232660
54491
232669
36067
15601
78377
294136
294137
46340
46341
73261
56601
56603
46365
5407
44322
263459
263460
263461
263462
66855
66856
5433
220479
45623
56657
15587
240983
34075
68136
261497
3451
54653
54654
44415
44416
44417
54659
64901
3462
3463
230794
230795
230796
220557
95637
57241
261531
42403
19880
54704
13753
7613
42437
5367
3532
10489
11736
54180
10490
228837
52713
21995
52725
52727
68137
52737
41899
93707
22028
22029
306705
306707
306708
62997
52759
52761
52762
222755
54821
20743
218669
42561
42566
237129
237130
237131
63055
11862
9853
41237
20101
20102
20103
50833
40595
40596
40597
242969
71328
71329
71330
50851
48804
48805
40623
9909
236489
254427
40643
40644
265933
44323
235237
235241
235242
235243
48879
18161
7925
18169
48899
96009
48913
48914
48915
59156
59157
38679
50977
50978
48931
69416
18234
57155
67403
233301
233305
243547
223068
233309
39911
57209
57213
61077
46979
46980
46981
57229
57230
46993
48347
57240
87961
36763
47004
47005
77729
67495
67496
65457
274359
221119
4034
241313
6099
66215
14330
45053
