31232
26117
26121
61267
94549
8249
90695
62537
80457
85579
26189
98381
80463
77907
59989
85589
75349
80471
28761
80473
75355
83035
26205
77917
26715
80479
75361
26721
95843
77923
83047
90739
54899
77943
60027
26755
70277
81749
1197
63169
81755
86217
83659
86219
88783
83663
83665
81103
78549
83669
93911
63191
75993
78551
78555
81119
73439
86241
101607
93931
101613
76017
84309
24825
27387
60667
106747
82387
86865
14651
61253
81737
12107
74061
84301
86863
79185
97105
81747
89425
66389
63829
63831
99671
94551
76631
91995
66395
86871
74071
76639
79195
97121
24929
94557
86881
94569
102249
25455
25457
76657
25467
25473
283523
69571
79819
25549
77263
20431
91985
87507
59347
26069
82389
74711
64469
74713
72149
82395
67027
82397
79837
90079
82399
84961
26081
95203
83033
74725
87525
67047
26087
77285
77291
26093
82413
77293
79853
82417
76625
26101
74751
