0,0,0,0
0,1,0,0
0,2,0,0
0,3,0,0
0,4,0,0
0,5,0,0
1,6,0,44959
1,6,1,30901
1,6,2,55485
1,6,3,5048
1,6,4,140291
1,6,5,78886
1,6,6,99594
1,6,7,79846
1,6,8,223443
1,6,9,221680
1,6,10,194962
1,6,11,159844
1,6,12,279099
1,6,13,263938
1,6,14,249347
1,6,15,275835
1,7,0,64133
1,7,1,61661
1,7,2,65699
1,7,3,68333
1,7,4,145343
1,7,5,125036
1,7,6,128401
1,7,7,86295
1,7,8,220225
1,7,9,165329
1,7,10,212847
1,7,11,155499
1,7,12,279719
1,7,13,272889
1,7,14,238406
1,7,15,235477
1,8,0,46238
1,8,1,37987
1,8,2,22177
1,8,3,24180
1,8,4,148569
1,8,5,123087
1,8,6,83640
1,8,7,152217
1,8,8,155604
1,8,9,155717
1,8,10,192966
1,8,11,210410
1,8,12,249743
1,8,13,287557
1,8,14,272336
1,8,15,255269
1,9,0,20608
1,9,1,21399
1,9,2,35634
1,9,3,73578
1,9,4,89086
1,9,5,103898
1,9,6,136765
1,9,7,79201
1,9,8,179311
1,9,9,206353
1,9,10,212284
1,9,11,213684
1,9,12,232475
1,9,13,272853
1,9,14,251991
1,9,15,250195
1,10,0,11013
1,10,1,76375
1,10,2,41939
1,10,3,6954
1,10,4,80008
1,10,5,77014
1,10,6,79778
1,10,7,142675
1,10,8,220873
1,10,9,204397
1,10,10,184001
1,10,11,207257
1,10,12,265096
1,10,13,284369
1,10,14,253789
1,10,15,269307
1,11,0,41108
1,11,1,33531
1,11,2,61861
1,11,3,42741
1,11,4,108890
1,11,5,150569
1,11,6,123869
1,11,7,105551
1,11,8,205557
1,11,9,181336
1,11,10,157902
1,11,11,203363
1,11,12,297650
1,11,13,240190
1,11,14,239164
1,11,15,262897
1,12,0,14175
1,12,1,65452
1,12,2,52899
1,12,3,5709
1,12,4,86469
1,12,5,95653
1,12,6,93197
1,12,7,104165
1,12,8,178014
1,12,9,216554
1,12,10,230100
1,12,11,217494
1,12,12,235027
1,12,13,256834
1,12,14,230739
1,12,15,298724
1,13,0,69251
1,13,1,15023
1,13,2,42677
1,13,3,19769
1,13,4,133238
1,13,5,110994
1,13,6,100810
1,13,7,118331
1,13,8,218311
1,13,9,195513
1,13,10,207165
1,13,11,229757
1,13,12,267544
1,13,13,295894
1,13,14,286462
1,13,15,248239
1,14,0,19239
1,14,1,66834
1,14,2,15791
1,14,3,17887
1,14,4,87116
1,14,5,82107
1,14,6,132181
1,14,7,131681
1,14,8,174724
1,14,9,155717
1,14,10,198748
1,14,11,178403
1,14,12,236187
1,14,13,278621
1,14,14,262095
1,14,15,240580
1,15,0,7777
1,15,1,57795
1,15,2,27897
1,15,3,50461
1,15,4,120375
1,15,5,139779
1,15,6,86097
1,15,7,87535
1,15,8,223397
1,15,9,164779
1,15,10,187946
1,15,11,227131
1,15,12,246539
1,15,13,293962
1,15,14,249437
1,15,15,305124
1,16,0,34663
1,16,1,70022
1,16,2,45779
1,16,3,22360
1,16,4,92284
1,16,5,88611
1,16,6,103443
1,16,7,134253
1,16,8,221537
1,16,9,153783
1,16,10,177710
1,16,11,161153
1,16,12,275251
1,16,13,306198
1,16,14,270515
1,16,15,277077
1,17,0,59005
1,17,1,52150
1,17,2,47197
1,17,3,74733
1,17,4,121734
1,17,5,150667
1,17,6,108503
1,17,7,136217
1,17,8,200415
1,17,9,215293
1,17,10,167436
1,17,11,188723
1,17,12,282917
1,17,13,279205
1,17,14,240967
1,17,15,257185
1,18,0,9103
1,18,1,56549
1,18,2,67555
1,18,3,51123
1,18,4,100532
1,18,5,84112
1,18,6,110518
1,18,7,149609
1,18,8,217094
1,18,9,203139
1,18,10,223783
1,18,11,211191
1,18,12,290604
1,18,13,233807
1,18,14,268504
1,18,15,289237
1,19,0,56322
1,19,1,67373
1,19,2,43288
1,19,3,42841
1,19,4,83338
1,19,5,111673
1,19,6,120051
1,19,7,153583
1,19,8,217030
1,19,9,220964
1,19,10,228889
1,19,11,194461
1,19,12,263772
1,19,13,260754
1,19,14,246117
1,19,15,269335
1,20,0,49286
1,20,1,54713
1,20,2,41951
1,20,3,56282
1,20,4,145952
1,20,5,146823
1,20,6,151447
1,20,7,136253
1,20,8,160029
1,20,9,192952
1,20,10,217383
1,20,11,209787
1,20,12,281061
1,20,13,297899
1,20,14,239767
1,20,15,250827
1,21,0,65994
1,21,1,46963
1,21,2,2933
1,21,3,38392
1,21,4,117781
1,21,5,105126
1,21,6,82891
1,21,7,135536
1,21,8,217706
1,21,9,196108
1,21,10,217350
1,21,11,192613
1,21,12,231158
1,21,13,281843
1,21,14,305735
1,21,15,262883
1,22,0,44227
1,22,1,4763
1,22,2,13218
1,22,3,62583
1,22,4,79514
1,22,5,100013
1,22,6,130881
1,22,7,138125
1,22,8,198453
1,22,9,208935
1,22,10,211015
1,22,11,190569
1,22,12,246550
1,22,13,233148
1,22,14,286519
1,22,15,267405
1,23,0,66635
1,23,1,4109
1,23,2,48333
1,23,3,7028
1,23,4,129338
1,23,5,102671
1,23,6,85479
1,23,7,137573
1,23,8,168389
1,23,9,214637
1,23,10,198165
1,23,11,175205
1,23,12,249749
1,23,13,280524
1,23,14,283921
1,23,15,236134
1,24,0,12874
1,24,1,68745
1,24,2,13173
1,24,3,50537
1,24,4,142780
1,24,5,113525
1,24,6,136013
1,24,7,83755
1,24,8,185083
1,24,9,188429
1,24,10,203211
1,24,11,174582
1,24,12,304762
1,24,13,294586
1,24,14,237819
1,24,15,266787
1,25,0,53247
1,25,1,28326
1,25,2,53524
1,25,3,17885
1,25,4,144151
1,25,5,135985
1,25,6,102207
1,25,7,129767
1,25,8,158842
1,25,9,212736
1,25,10,185305
1,25,11,157981
1,25,12,286152
1,25,13,297261
1,25,14,273043
1,25,15,248281
1,26,0,12902
1,26,1,53396
1,26,2,13155
1,26,3,36996
1,26,4,94839
1,26,5,149429
1,26,6,97613
1,26,7,122169
1,26,8,216468
1,26,9,229395
1,26,10,189125
1,26,11,225121
1,26,12,254119
1,26,13,276089
1,26,14,279481
1,26,15,260387
1,27,0,751
1,27,1,65547
1,27,2,46425
1,27,3,545
1,27,4,149865
1,27,5,113485
1,27,6,107215
1,27,7,103533
1,27,8,167777
1,27,9,197419
1,27,10,194884
1,27,11,228983
1,27,12,241361
1,27,13,304205
1,27,14,302443
1,27,15,244965
1,28,0,68529
1,28,1,57795
1,28,2,63059
1,28,3,40292
1,28,4,87749
1,28,5,111599
1,28,6,116284
1,28,7,107361
1,28,8,173560
1,28,9,201826
1,28,10,207734
1,28,11,192607
1,28,12,293866
1,28,13,233186
1,28,14,283917
1,28,15,234141
1,29,0,41057
1,29,1,18195
1,29,2,64362
1,29,3,41469
1,29,4,145377
1,29,5,89177
1,29,6,128989
1,29,7,141956
1,29,8,229265
1,29,9,195413
1,29,10,227590
1,29,11,198923
1,29,12,259307
1,29,13,271523
1,29,14,280703
1,29,15,262883
1,30,0,36585
1,30,1,71281
1,30,2,31059
1,30,3,74737
1,30,4,147241
1,30,5,111001
1,30,6,79689
1,30,7,97904
1,30,8,229164
1,30,9,215986
1,30,10,182749
1,30,11,206630
1,30,12,258707
1,30,13,274167
1,30,14,285151
1,30,15,242432
1,31,0,44880
1,31,1,56529
1,31,2,15113
1,31,3,16501
1,31,4,121010
1,31,5,84129
1,31,6,107947
1,31,7,110000
1,31,8,211864
1,31,9,201220
1,31,10,208439
1,31,11,180430
1,31,12,247809
1,31,13,272925
1,31,14,283986
1,31,15,294283
1,32,0,60282
1,32,1,73143
1,32,2,47721
1,32,3,70941
1,32,4,128095
1,32,5,95648
1,32,6,138713
1,32,7,146538
1,32,8,153692
1,32,9,169887
1,32,10,223799
1,32,11,221941
1,32,12,286169
1,32,13,240171
1,32,14,293498
1,32,15,243059
1,33,0,6546
1,33,1,39997
1,33,2,32441
1,33,3,57467
1,33,4,152387
1,33,5,84098
1,33,6,123845
1,33,7,88835
1,33,8,197249
1,33,9,163415
1,33,10,220592
1,33,11,203364
1,33,12,255483
1,33,13,274875
1,33,14,258969
1,33,15,238063
1,34,0,48739
1,34,1,46882
1,34,2,20824
1,34,3,56809
1,34,4,110774
1,34,5,98787
1,34,6,111698
1,34,7,141308
1,34,8,154348
1,34,9,195491
1,34,10,227655
1,34,11,218156
1,34,12,243883
1,34,13,273508
1,34,14,271687
1,34,15,303245
1,35,0,32127
1,35,1,42525
1,35,2,49603
1,35,3,23669
1,35,4,78780
1,35,5,143659
1,35,6,90577
1,35,7,145857
1,35,8,204885
1,35,9,215896
1,35,10,214769
1,35,11,184945
1,35,12,242022
1,35,13,268420
1,35,14,287139
1,35,15,277624
1,36,0,13598
1,36,1,10509
1,36,2,65643
1,36,3,12081
1,36,4,123672
1,36,5,86661
1,36,6,97686
1,36,7,143962
1,36,8,190739
1,36,9,202473
1,36,10,213543
1,36,11,197647
1,36,12,265114
1,36,13,285738
1,36,14,246236
1,36,15,252000
1,37,0,62807
1,37,1,36077
1,37,2,365
1,37,3,31237
1,37,4,147311
1,37,5,82777
1,37,6,134756
1,37,7,152860
1,37,8,229857
1,37,9,173631
1,37,10,191070
1,37,11,159929
1,37,12,231776
1,37,13,233259
1,37,14,289092
1,37,15,284721
1,38,0,48645
1,38,1,56548
1,38,2,44485
1,38,3,32526
1,38,4,128701
1,38,5,126885
1,38,6,126488
1,38,7,93926
1,38,8,165234
1,38,9,219177
1,38,10,208995
1,38,11,206627
1,38,12,253548
1,38,13,252425
1,38,14,230763
1,38,15,296277
1,39,0,48699
1,39,1,22688
1,39,2,8011
1,39,3,31945
1,39,4,133857
1,39,5,149415
1,39,6,138709
1,39,7,125397
1,39,8,155570
1,39,9,185794
1,39,10,205802
1,39,11,213115
1,39,12,304697
1,39,13,270363
1,39,14,261567
1,39,15,301942
1,40,0,22489
1,40,1,36795
1,40,2,59210
1,40,3,70992
1,40,4,144151
1,40,5,119299
1,40,6,130893
1,40,7,115711
1,40,8,218925
1,40,9,228116
1,40,10,181491
1,40,11,230349
1,40,12,257955
1,40,13,294705
1,40,14,289758
1,40,15,289767
1,41,0,14865
1,41,1,41801
1,41,2,40677
1,41,3,74209
1,41,4,127512
1,41,5,107191
1,41,6,96962
1,41,7,123471
1,41,8,177379
1,41,9,169762
1,41,10,198171
1,41,11,216205
1,41,12,298330
1,41,13,288289
1,41,14,258331
1,41,15,301995
1,42,0,58352
1,42,1,61067
1,42,2,21471
1,42,3,74826
1,42,4,129319
1,42,5,81482
1,42,6,95047
1,42,7,103021
1,42,8,183801
1,42,9,160202
1,42,10,162958
1,42,11,205958
1,42,12,256083
1,42,13,295317
1,42,14,260946
1,42,15,239857
1,43,0,32077
1,43,1,71277
1,43,2,60554
1,43,3,49831
1,43,4,145345
1,43,5,83407
1,43,6,141198
1,43,7,80508
1,43,8,207425
1,43,9,180641
1,43,10,222545
1,43,11,206626
1,43,12,274665
1,43,13,273553
1,43,14,288976
1,43,15,255231
1,44,0,24433
1,44,1,65459
1,44,2,33653
1,44,3,4382
1,44,4,80795
1,44,5,93659
1,44,6,136032
1,44,7,146417
1,44,8,189599
1,44,9,175660
1,44,10,184121
1,44,11,221291
1,44,12,281021
1,44,13,262578
1,44,14,304970
1,44,15,305827
0,45,0,0
0,46,0,0
0,47,0,0
0,48,0,0
0,49,0,0
0,50,0,0
0,51,0,0
0,52,0,0
1,53,0,14219
1,53,1,36123
1,53,2,73290
1,53,3,26219
1,53,4,142829
1,53,5,98235
1,53,6,84182
1,53,7,118255
1,53,8,160068
1,53,9,176167
1,53,10,182155
1,53,11,183603
1,53,12,242066
1,53,13,243502
1,53,14,277543
1,53,15,279598
1,54,0,17327
1,54,1,10407
1,54,2,11864
1,54,3,76113
1,54,4,139655
1,54,5,94959
1,54,6,104019
1,54,7,133671
1,54,8,167814
1,54,9,208300
1,54,10,186685
1,54,11,225803
1,54,12,261919
1,54,13,256819
1,54,14,288437
1,54,15,264831
1,55,0,25679
1,55,1,59119
1,55,2,52867
1,55,3,75374
1,55,4,138354
1,55,5,85323
1,55,6,123353
1,55,7,88172
1,55,8,163271
1,55,9,180685
1,55,10,222527
1,55,11,200837
1,55,12,262552
1,55,13,254898
1,55,14,303786
1,55,15,261029
1,56,0,49375
1,56,1,32300
1,56,2,43863
1,56,3,26119
1,56,4,99980
1,56,5,88486
1,56,6,146387
1,56,7,86260
1,56,8,164540
1,56,9,198577
1,56,10,165595
1,56,11,223319
1,56,12,238763
1,56,13,261345
1,56,14,269219
1,56,15,262339
1,57,0,74311
1,57,1,21280
1,57,2,29183
1,57,3,33185
1,57,4,104373
1,57,5,77021
1,57,6,103405
1,57,7,133051
1,57,8,215831
1,57,9,208169
1,57,10,169325
1,57,11,192494
1,57,12,238199
1,57,13,260647
1,57,14,254527
1,57,15,271960
1,58,0,56407
1,58,1,4099
1,58,2,68163
1,58,3,54898
1,58,4,80051
1,58,5,152576
1,58,6,138660
1,58,7,117003
1,58,8,216459
1,58,9,191523
1,58,10,229473
1,58,11,198304
1,58,12,274575
1,58,13,248483
1,58,14,233329
1,58,15,239979
1,59,0,30168
1,59,1,32951
1,59,2,18321
1,59,3,74207
1,59,4,126791
1,59,5,91685
1,59,6,101447
1,59,7,139363
1,59,8,199137
1,59,9,219693
1,59,10,200071
1,59,11,224548
1,59,12,239495
1,59,13,276076
1,59,14,237141
1,59,15,285401
1,60,0,61461
1,60,1,40604
1,60,2,19555
1,60,3,67091
1,60,4,96663
1,60,5,134057
1,60,6,140553
1,60,7,111291
1,60,8,177997
1,60,9,227402
1,60,10,173831
1,60,11,172051
1,60,12,256736
1,60,13,270325
1,60,14,257096
1,60,15,296873
1,61,0,18673
1,61,1,56549
1,61,2,6737
1,61,3,55027
1,61,4,124161
1,61,5,88639
1,61,6,109224
1,61,7,133041
1,61,8,226646
1,61,9,215861
1,61,10,210992
1,61,11,230313
1,61,12,268889
1,61,13,288900
1,61,14,251313
1,61,15,277601
1,62,0,24448
1,62,1,30931
1,62,2,56708
1,62,3,60013
1,62,4,101897
1,62,5,116133
1,62,6,129014
1,62,7,131765
1,62,8,216986
1,62,9,198695
1,62,10,221206
1,62,11,161843
1,62,12,263086
1,62,13,273447
1,62,14,234574
1,62,15,301955
1,63,0,57113
1,63,1,50861
1,63,2,31810
1,63,3,67825
1,63,4,99890
1,63,5,80917
1,63,6,107914
1,63,7,153488
1,63,8,187031
1,63,9,163455
1,63,10,200708
1,63,11,157921
1,63,12,299677
1,63,13,279215
1,63,14,272976
1,63,15,234096
1,64,0,65963
1,64,1,30322
1,64,2,25937
1,64,3,39643
1,64,4,151155
1,64,5,80904
1,64,6,86179
1,64,7,132348
1,64,8,178683
1,64,9,189659
1,64,10,166784
1,64,11,157930
1,64,12,263177
1,64,13,283107
1,64,14,264009
1,64,15,285309
1,65,0,36523
1,65,1,14291
1,65,2,73922
1,65,3,60125
1,65,4,99883
1,65,5,87993
1,65,6,94436
1,65,7,96545
1,65,8,174776
1,65,9,197405
1,65,10,169963
1,65,11,190644
1,65,12,272793
1,65,13,293291
1,65,14,293450
1,65,15,284640
1,66,0,23813
1,66,1,64228
1,66,2,10598
1,66,3,69017
1,66,4,147893
1,66,5,111600
1,66,6,114889
1,66,7,149025
1,66,8,196616
1,66,9,159039
1,66,10,221201
1,66,11,185535
1,66,12,236837
1,66,13,279204
1,66,14,254430
1,66,15,238686
1,67,0,66590
1,67,1,57897
1,67,2,66936
1,67,3,71610
1,67,4,140911
1,67,5,79656
1,67,6,123328
1,67,7,106761
1,67,8,156260
1,67,9,228093
1,67,10,229579
1,67,11,228981
1,67,12,298891
1,67,13,263221
1,67,14,271763
1,67,15,246329
1,68,0,55799
1,68,1,53926
1,68,2,71415
1,68,3,61383
1,68,4,138253
1,68,5,94341
1,68,6,143717
1,68,7,144602
1,68,8,209946
1,68,9,213343
1,68,10,196937
1,68,11,230271
1,68,12,270234
1,68,13,253731
1,68,14,246827
1,68,15,230911
1,69,0,14119
1,69,1,75103
1,69,2,3557
1,69,3,51749
1,69,4,131929
1,69,5,82833
1,69,6,126474
1,69,7,141989
1,69,8,190149
1,69,9,219106
1,69,10,156624
1,69,11,183546
1,69,12,257337
1,69,13,301625
1,69,14,298709
1,69,15,231543
1,70,0,54547
1,70,1,54564
1,70,2,10661
1,70,3,54267
1,70,4,126157
1,70,5,101406
1,70,6,132252
1,70,7,129882
1,70,8,182402
1,70,9,220356
1,70,10,223744
1,70,11,161837
1,70,12,252885
1,70,13,277347
1,70,14,291608
1,70,15,278967
1,71,0,19941
1,71,1,62350
1,71,2,16386
1,71,3,72281
1,71,4,95494
1,71,5,77754
1,71,6,119491
1,71,7,95251
1,71,8,197873
1,71,9,179413
1,71,10,185960
1,71,11,164343
1,71,12,239401
1,71,13,234402
1,71,14,235971
1,71,15,296841
1,72,0,4533
1,72,1,36137
1,72,2,53566
1,72,3,32603
1,72,4,141513
1,72,5,94954
1,72,6,131639
1,72,7,108138
1,72,8,181159
1,72,9,208850
1,72,10,164907
1,72,11,209123
1,72,12,299646
1,72,13,305541
1,72,14,232112
1,72,15,239879
1,73,0,34577
1,73,1,21315
1,73,2,30499
1,73,3,69643
1,73,4,138385
1,73,5,137160
1,73,6,118162
1,73,7,146427
1,73,8,206833
1,73,9,223642
1,73,10,163634
1,73,11,205930
1,73,12,242005
1,73,13,248573
1,73,14,237133
1,73,15,300754
1,74,0,69233
1,74,1,16186
1,74,2,11200
1,74,3,15968
1,74,4,76879
1,74,5,78940
1,74,6,101506
1,74,7,90778
1,74,8,155631
1,74,9,155151
1,74,10,226306
1,74,11,216259
1,74,12,253511
1,74,13,240181
1,74,14,238466
1,74,15,245606
1,75,0,20638
1,75,1,24542
1,75,2,60591
1,75,3,28743
1,75,4,116591
1,75,5,104512
1,75,6,86224
1,75,7,117649
1,75,8,162597
1,75,9,191647
1,75,10,214127
1,75,11,191221
1,75,12,256159
1,75,13,256160
1,75,14,259017
1,75,15,292982
1,76,0,46129
1,76,1,43793
1,76,2,53453
1,76,3,34515
1,76,4,97969
1,76,5,97593
1,76,6,95183
1,76,7,144535
1,76,8,217749
1,76,9,210807
1,76,10,214789
1,76,11,200187
1,76,12,304700
1,76,13,300365
1,76,14,282627
1,76,15,291083
1,77,0,76293
1,77,1,68029
1,77,2,62558
1,77,3,35721
1,77,4,139564
1,77,5,110915
1,77,6,112356
1,77,7,136858
1,77,8,185107
1,77,9,188965
1,77,10,210243
1,77,11,166923
1,77,12,268258
1,77,13,301057
1,77,14,270535
1,77,15,251370
1,78,0,74966
1,78,1,2137
1,78,2,35592
1,78,3,45296
1,78,4,86424
1,78,5,113457
1,78,6,148306
1,78,7,100971
1,78,8,222143
1,78,9,168530
1,78,10,220602
1,78,11,158022
1,78,12,263103
1,78,13,258815
1,78,14,258344
1,78,15,255849
1,79,0,15449
1,79,1,49467
1,79,2,33600
1,79,3,74811
1,79,4,122987
1,79,5,108349
1,79,6,104089
1,79,7,135607
1,79,8,190805
1,79,9,161449
1,79,10,159737
1,79,11,188007
1,79,12,236246
1,79,13,295931
1,79,14,295519
1,79,15,241211
1,80,0,781
1,80,1,41181
1,80,2,63048
1,80,3,43491
1,80,4,137053
1,80,5,107709
1,80,6,93206
1,80,7,131071
1,80,8,170314
1,80,9,200544
1,80,10,173862
1,80,11,163104
1,80,12,261863
1,80,13,281259
1,80,14,303766
1,80,15,239848
1,81,0,795
1,81,1,72554
1,81,2,69592
1,81,3,5095
1,81,4,121722
1,81,5,129563
1,81,6,114397
1,81,7,125966
1,81,8,163953
1,81,9,171769
1,81,10,180307
1,81,11,223274
1,81,12,252887
1,81,13,263301
1,81,14,267900
1,81,15,279537
1,82,0,66708
1,82,1,37354
1,82,2,62439
1,82,3,30562
1,82,4,119824
1,82,5,104486
1,82,6,129691
1,82,7,96590
1,82,8,194719
1,82,9,195361
1,82,10,166809
1,82,11,174679
1,82,12,266311
1,82,13,289516
1,82,14,254537
1,82,15,271869
1,83,0,34717
1,83,1,4741
1,83,2,11329
1,83,3,63232
1,83,4,105038
1,83,5,92453
1,83,6,138001
1,83,7,112585
1,83,8,183157
1,83,9,203743
1,83,10,178377
1,83,11,175273
1,83,12,261884
1,83,13,245923
1,83,14,248002
1,83,15,247593
1,84,0,63377
1,84,1,24611
1,84,2,29269
1,84,3,49135
1,84,4,132497
1,84,5,77737
1,84,6,87439
1,84,7,78006
1,84,8,165264
1,84,9,219101
1,84,10,205877
1,84,11,197057
1,84,12,303407
1,84,13,263292
1,84,14,302408
1,84,15,301393
1,85,0,56355
1,85,1,7223
1,85,2,63047
1,85,3,64523
1,85,4,104421
1,85,5,153199
1,85,6,79725
1,85,7,89485
1,85,8,182551
1,85,9,217159
1,85,10,219277
1,85,11,175875
1,85,12,290696
1,85,13,241587
1,85,14,254499
1,85,15,259187
1,86,0,49961
1,86,1,34191
1,86,2,19015
1,86,3,50552
1,86,4,117174
1,86,5,121867
1,86,6,92482
1,86,7,117627
1,86,8,170329
1,86,9,216496
1,86,10,203293
1,86,11,198251
1,86,12,295105
1,86,13,293359
1,86,14,290361
1,86,15,252723
1,87,0,42886
1,87,1,21420
1,87,2,59971
1,87,3,42823
1,87,4,89057
1,87,5,144281
1,87,6,142500
1,87,7,96600
1,87,8,220165
1,87,9,176844
1,87,10,177744
1,87,11,172655
1,87,12,236934
1,87,13,260661
1,87,14,290345
1,87,15,287842
1,88,0,62117
1,88,1,50788
1,88,2,33729
1,88,3,37049
1,88,4,96701
1,88,5,130127
1,88,6,98941
1,88,7,148972
1,88,8,220303
1,88,9,185833
1,88,10,181583
1,88,11,177183
1,88,12,263148
1,88,13,269600
1,88,14,266015
1,88,15,245051
1,89,0,47432
1,89,1,34841
1,89,2,42014
1,89,3,56311
1,89,4,98616
1,89,5,116149
1,89,6,111043
1,89,7,151531
1,89,8,187665
1,89,9,209568
1,89,10,154623
1,89,11,214346
1,89,12,241999
1,89,13,301032
1,89,14,249990
1,89,15,269920
1,90,0,3246
1,90,1,20010
1,90,2,22181
1,90,3,54935
1,90,4,102419
1,90,5,98731
1,90,6,81038
1,90,7,87634
1,90,8,193347
1,90,9,155759
1,90,10,166195
1,90,11,207882
1,90,12,279772
1,90,13,240839
1,90,14,257078
1,90,15,296229
1,91,0,1396
1,91,1,20734
1,91,2,38084
1,91,3,13934
1,91,4,131897
1,91,5,152501
1,91,6,147010
1,91,7,96581
1,91,8,156274
1,91,9,167359
1,91,10,167360
1,91,11,188149
1,91,12,291279
1,91,13,291370
1,91,14,254423
1,91,15,248271
1,92,0,75655
1,92,1,47561
1,92,2,6097
1,92,3,28730
1,92,4,103741
1,92,5,110299
1,92,6,129043
1,92,7,147699
1,92,8,169010
1,92,9,183272
1,92,10,203283
1,92,11,223205
1,92,12,270183
1,92,13,234457
1,92,14,300633
1,92,15,264862
1,93,0,71832
1,93,1,28987
1,93,2,74700
1,93,3,27373
1,93,4,96089
1,93,5,153139
1,93,6,147586
1,93,7,147157
1,93,8,173547
1,93,9,178087
1,93,10,193068
1,93,11,197638
1,93,12,270853
1,93,13,241536
1,93,14,271093
1,93,15,234229
1,94,0,14210
1,94,1,49522
1,94,2,74700
1,94,3,24298
1,94,4,112650
1,94,5,107684
1,94,6,83583
1,94,7,112545
1,94,8,224095
1,94,9,167950
1,94,10,210249
1,94,11,177152
1,94,12,295785
1,94,13,255665
1,94,14,255113
1,94,15,284095
0,95,0,0
0,96,0,0
0,97,0,0
0,98,0,0
0,99,0,0
0,100,0,0
1,101,0,40478
1,101,1,55289
1,101,2,6209
1,101,3,68434
1,101,4,135789
1,101,5,140412
1,101,6,139985
1,101,7,102928
1,101,8,155646
1,101,9,201194
1,101,10,187920
1,101,11,170197
1,101,12,305401
1,101,13,280562
1,101,14,263415
1,101,15,243048
1,102,0,75654
1,102,1,40530
1,102,2,17757
1,102,3,49194
1,102,4,140304
1,102,5,76993
1,102,6,120736
1,102,7,108087
1,102,8,192729
1,102,9,217891
1,102,10,214170
1,102,11,188747
1,102,12,272789
1,102,13,304809
1,102,14,300562
1,102,15,232316
1,103,0,73043
1,103,1,7863
1,103,2,72026
1,103,3,44055
1,103,4,137085
1,103,5,147383
1,103,6,140499
1,103,7,133005
1,103,8,202347
1,103,9,226137
1,103,10,184683
1,103,11,164329
1,103,12,235543
1,103,13,263951
1,103,14,287102
1,103,15,241867
1,104,0,46219
1,104,1,36717
1,104,2,56096
1,104,3,46675
1,104,4,141562
1,104,5,109645
1,104,6,96447
1,104,7,120831
1,104,8,221500
1,104,9,190275
1,104,10,158409
1,104,11,211187
1,104,12,261127
1,104,13,302383
1,104,14,264745
1,104,15,294944
1,105,0,30202
1,105,1,68082
1,105,2,41341
1,105,3,36969
1,105,4,119162
1,105,5,137252
1,105,6,105935
1,105,7,124705
1,105,8,204938
1,105,9,216627
1,105,10,205164
1,105,11,173985
1,105,12,285507
1,105,13,301631
1,105,14,303801
1,105,15,294919
1,106,0,11013
1,106,1,34754
1,106,2,20186
1,106,3,38887
1,106,4,153065
1,106,5,119873
1,106,6,105377
1,106,7,145231
1,106,8,153705
1,106,9,162801
1,106,10,202718
1,106,11,188060
1,106,12,254777
1,106,13,242096
1,106,14,259606
1,106,15,242549
1,107,0,73063
1,107,1,75066
1,107,2,16430
1,107,3,25465
1,107,4,119806
1,107,5,117439
1,107,6,149581
1,107,7,79291
1,107,8,220201
1,107,9,176837
1,107,10,186028
1,107,11,208563
1,107,12,248337
1,107,13,260655
1,107,14,240381
1,107,15,239925
1,108,0,62774
1,108,1,38647
1,108,2,25297
1,108,3,35044
1,108,4,87199
1,108,5,134069
1,108,6,127137
1,108,7,132413
1,108,8,161340
1,108,9,157696
1,108,10,211629
1,108,11,172048
1,108,12,234256
1,108,13,233198
1,108,14,292802
1,108,15,282771
1,109,0,71819
1,109,1,69401
1,109,2,24735
1,109,3,44718
1,109,4,111479
1,109,5,84768
1,109,6,106602
1,109,7,90232
1,109,8,178683
1,109,9,225526
1,109,10,165541
1,109,11,179068
1,109,12,235666
1,109,13,290809
1,109,14,300635
1,109,15,277652
1,110,0,67960
1,110,1,34119
1,110,2,31719
1,110,3,7556
1,110,4,96072
1,110,5,137871
1,110,6,107323
1,110,7,150289
1,110,8,153722
1,110,9,190891
1,110,10,197492
1,110,11,161217
1,110,12,278556
1,110,13,265805
1,110,14,255139
1,110,15,237419
1,111,0,33415
1,111,1,63026
1,111,2,8778
1,111,3,44731
1,111,4,150478
1,111,5,78886
1,111,6,121949
1,111,7,82438
1,111,8,188830
1,111,9,172361
1,111,10,225738
1,111,11,191928
1,111,12,288061
1,111,13,306855
1,111,14,244285
1,111,15,253945
1,112,0,19234
1,112,1,73259
1,112,2,72094
1,112,3,28655
1,112,4,80747
1,112,5,152502
1,112,6,116822
1,112,7,132961
1,112,8,173461
1,112,9,181295
1,112,10,158489
1,112,11,173367
1,112,12,258031
1,112,13,278573
1,112,14,294215
1,112,15,232286
1,113,0,56408
1,113,1,9242
1,113,2,50880
1,113,3,24209
1,113,4,81387
1,113,5,84659
1,113,6,88733
1,113,7,129121
1,113,8,178052
1,113,9,217895
1,113,10,183429
1,113,11,209149
1,113,12,238735
1,113,13,282407
1,113,14,276186
1,113,15,245635
1,114,0,16076
1,114,1,47039
1,114,2,48323
1,114,3,20989
1,114,4,149215
1,114,5,93011
1,114,6,109214
1,114,7,149101
1,114,8,189547
1,114,9,210207
1,114,10,227645
1,114,11,216824
1,114,12,284812
1,114,13,283690
1,114,14,252559
1,114,15,276333
1,115,0,71153
1,115,1,75113
1,115,2,24134
1,115,3,22349
1,115,4,103103
1,115,5,119881
1,115,6,88007
1,115,7,103645
1,115,8,161351
1,115,9,219131
1,115,10,169340
1,115,11,213653
1,115,12,283670
1,115,13,264637
1,115,14,257006
1,115,15,260322
1,116,0,39075
1,116,1,69413
1,116,2,75229
1,116,3,33803
1,116,4,106979
1,116,5,148083
1,116,6,97739
1,116,7,94649
1,116,8,214462
1,116,9,174345
1,116,10,223811
1,116,11,227065
1,116,12,239517
1,116,13,283737
1,116,14,269877
1,116,15,268070
1,117,0,7134
1,117,1,13652
1,117,2,35011
1,117,3,26814
1,117,4,99855
1,117,5,100091
1,117,6,120774
1,117,7,81234
1,117,8,201689
1,117,9,224179
1,117,10,186661
1,117,11,212348
1,117,12,282369
1,117,13,284433
1,117,14,274933
1,117,15,230901
1,118,0,69822
1,118,1,57804
1,118,2,32435
1,118,3,54318
1,118,4,134514
1,118,5,107082
1,118,6,114984
1,118,7,106817
1,118,8,228634
1,118,9,199291
1,118,10,222530
1,118,11,157411
1,118,12,283584
1,118,13,254917
1,118,14,263495
1,118,15,264276
1,119,0,27635
1,119,1,74450
1,119,2,76501
1,119,3,57485
1,119,4,112016
1,119,5,88500
1,119,6,137356
1,119,7,134886
1,119,8,162610
1,119,9,217165
1,119,10,218579
1,119,11,215573
1,119,12,245168
1,119,13,267727
1,119,14,239051
1,119,15,245019
1,120,0,13587
1,120,1,48251
1,120,2,34281
1,120,3,45935
1,120,4,103139
1,120,5,152537
1,120,6,138691
1,120,7,137477
1,120,8,200345
1,120,9,228782
1,120,10,191789
1,120,11,212971
1,120,12,285575
1,120,13,245297
1,120,14,261579
1,120,15,293631
1,121,0,46192
1,121,1,27788
1,121,2,26686
1,121,3,29997
1,121,4,129359
1,121,5,115518
1,121,6,89423
1,121,7,77402
1,121,8,226643
1,121,9,204367
1,121,10,200703
1,121,11,228407
1,121,12,239505
1,121,13,244713
1,121,14,291024
1,121,15,230883
1,122,0,22495
1,122,1,71877
1,122,2,52253
1,122,3,538
1,122,4,147280
1,122,5,138417
1,122,6,113649
1,122,7,83727
1,122,8,154334
1,122,9,189663
1,122,10,229477
1,122,11,201491
1,122,12,256049
1,122,13,236992
1,122,14,274889
1,122,15,282122
1,123,0,39151
1,123,1,41831
1,123,2,49058
1,123,3,40823
1,123,4,128737
1,123,5,114095
1,123,6,91850
1,123,7,85069
1,123,8,165886
1,123,9,184491
1,123,10,166170
1,123,11,167662
1,123,12,302879
1,123,13,251818
1,123,14,299325
1,123,15,272493
1,124,0,10999
1,124,1,55234
1,124,2,76488
1,124,3,16504
1,124,4,135799
1,124,5,94363
1,124,6,83536
1,124,7,79271
1,124,8,174092
1,124,9,221693
1,124,10,228248
1,124,11,204771
1,124,12,292578
1,124,13,274089
1,124,14,248738
1,124,15,252643
1,125,0,55754
1,125,1,48816
1,125,2,49641
1,125,3,36386
1,125,4,133915
1,125,5,103223
1,125,6,94411
1,125,7,140687
1,125,8,210613
1,125,9,185847
1,125,10,214237
1,125,11,171403
1,125,12,236929
1,125,13,238881
1,125,14,258390
1,125,15,307132
1,126,0,66005
1,126,1,71869
1,126,2,25952
1,126,3,76703
1,126,4,105078
1,126,5,99467
1,126,6,89384
1,126,7,147759
1,126,8,168458
1,126,9,228126
1,126,10,206405
1,126,11,190003
1,126,12,270814
1,126,13,258742
1,126,14,238519
1,126,15,235440
1,127,0,35305
1,127,1,57852
1,127,2,75242
1,127,3,22287
1,127,4,94143
1,127,5,97518
1,127,6,149576
1,127,7,111226
1,127,8,213165
1,127,9,218541
1,127,10,156625
1,127,11,177193
1,127,12,241283
1,127,13,269032
1,127,14,267852
1,127,15,257783
1,128,0,75575
1,128,1,65495
1,128,2,37549
1,128,3,60763
1,128,4,117881
1,128,5,102610
1,128,6,88751
1,128,7,96550
1,128,8,192781
1,128,9,202424
1,128,10,227559
1,128,11,184827
1,128,12,256777
1,128,13,253735
1,128,14,269140
1,128,15,289823
1,129,0,42333
1,129,1,23289
1,129,2,43292
1,129,3,22985
1,129,4,138361
1,129,5,116047
1,129,6,151387
1,129,7,152831
1,129,8,197874
1,129,9,173066
1,129,10,186022
1,129,11,222683
1,129,12,258706
1,129,13,297861
1,129,14,257034
1,129,15,247532
1,130,0,46202
1,130,1,71311
1,130,2,34286
1,130,3,64491
1,130,4,117171
1,130,5,132016
1,130,6,77811
1,130,7,83728
1,130,8,225435
1,130,9,221601
1,130,10,210363
1,130,11,186174
1,130,12,295696
1,130,13,231855
1,130,14,262221
1,130,15,239866
1,131,0,70537
1,131,1,67454
1,131,2,68235
1,131,3,67046
1,131,4,105679
1,131,5,144279
1,131,6,99006
1,131,7,118898
1,131,8,176153
1,131,9,229965
1,131,10,155241
1,131,11,202153
1,131,12,289319
1,131,13,290219
1,131,14,282599
1,131,15,232161
1,132,0,45459
1,132,1,46891
1,132,2,49673
1,132,3,7585
1,132,4,137017
1,132,5,84740
1,132,6,85470
1,132,7,103600
1,132,8,156896
1,132,9,228065
1,132,10,183519
1,132,11,209823
1,132,12,257349
1,132,13,271543
1,132,14,251919
1,132,15,234155
1,133,0,52639
1,133,1,73190
1,133,2,25923
1,133,3,73480
1,133,4,149279
1,133,5,144173
1,133,6,84821
1,133,7,87527
1,133,8,220314
1,133,9,177446
1,133,10,219979
1,133,11,179729
1,133,12,286797
1,133,13,232518
1,133,14,290921
1,133,15,250762
1,134,0,72343
1,134,1,43197
1,134,2,55458
1,134,3,50401
1,134,4,128753
1,134,5,93734
1,134,6,116800
1,134,7,113807
1,134,8,156834
1,134,9,220961
1,134,10,218067
1,134,11,188671
1,134,12,293901
1,134,13,257587
1,134,14,270404
1,134,15,248807
1,135,0,69845
1,135,1,45646
1,135,2,57333
1,135,3,38267
1,135,4,112755
1,135,5,119899
1,135,6,98367
1,135,7,108642
1,135,8,213874
1,135,9,215853
1,135,10,211559
1,135,11,156056
1,135,12,300925
1,135,13,248516
1,135,14,237791
1,135,15,235462
1,136,0,21215
1,136,1,75092
1,136,2,28548
1,136,3,45372
1,136,4,124175
1,136,5,77012
1,136,6,88743
1,136,7,116989
1,136,8,193933
1,136,9,199231
1,136,10,215389
1,136,11,215595
1,136,12,279760
1,136,13,275471
1,136,14,288336
1,136,15,275105
1,137,0,59003
1,137,1,63023
1,137,2,34886
1,137,3,12059
1,137,4,103719
1,137,5,128872
1,137,6,93251
1,137,7,106167
1,137,8,222107
1,137,9,190993
1,137,10,226289
1,137,11,173289
1,137,12,298921
1,137,13,242779
1,137,14,264145
1,137,15,248296
1,138,0,50685
1,138,1,35473
1,138,2,57373
1,138,3,56235
1,138,4,151715
1,138,5,87264
1,138,6,87428
1,138,7,85107
1,138,8,218391
1,138,9,227378
1,138,10,219317
1,138,11,225135
1,138,12,254095
1,138,13,245376
1,138,14,262123
1,138,15,268125
1,139,0,55143
1,139,1,41813
1,139,2,33032
1,139,3,67153
1,139,4,106970
1,139,5,132016
1,139,6,120712
1,139,7,127847
1,139,8,208130
1,139,9,226096
1,139,10,172522
1,139,11,210554
1,139,12,273975
1,139,13,247958
1,139,14,237227
1,139,15,236101
1,140,0,72971
1,140,1,14881
1,140,2,39393
1,140,3,27361
1,140,4,97950
1,140,5,137181
1,140,6,122636
1,140,7,109287
1,140,8,208092
1,140,9,191562
1,140,10,210337
1,140,11,206591
1,140,12,302206
1,140,13,270351
1,140,14,231470
1,140,15,298741
1,141,0,46211
1,141,1,32266
1,141,2,33675
1,141,3,51741
1,141,4,131204
1,141,5,152531
1,141,6,121357
1,141,7,85685
1,141,8,227853
1,141,9,224264
1,141,10,209633
1,141,11,217531
1,141,12,242581
1,141,13,234439
1,141,14,232117
1,141,15,242401
1,142,0,41701
1,142,1,30317
1,142,2,52245
1,142,3,15255
1,142,4,84557
1,142,5,124355
1,142,6,94461
1,142,7,103557
1,142,8,153739
1,142,9,192876
1,142,10,192983
1,142,11,177773
1,142,12,266358
1,142,13,242764
1,142,14,263472
1,142,15,241817
0,143,0,0
0,144,0,0
0,145,0,0
0,146,0,0
0,147,0,0
0,148,0,0
0,149,0,0
1,150,0,40382
1,150,1,35429
1,150,2,48961
1,150,3,47209
1,150,4,129980
1,150,5,83447
1,150,6,137963
1,150,7,149677
1,150,8,176794
1,150,9,178102
1,150,10,208333
1,150,11,222644
1,150,12,295725
1,150,13,276138
1,150,14,237860
1,150,15,271863
1,151,0,21203
1,151,1,59722
1,151,2,56643
1,151,3,56901
1,151,4,137027
1,151,5,94344
1,151,6,97647
1,151,7,93362
1,151,8,183702
1,151,9,192201
1,151,10,184028
1,151,11,155401
1,151,12,240704
1,151,13,235688
1,151,14,292958
1,151,15,243716
1,152,0,41035
1,152,1,38069
1,152,2,31685
1,152,3,19723
1,152,4,144771
1,152,5,100004
1,152,6,136111
1,152,7,143979
1,152,8,162678
1,152,9,174881
1,152,10,214166
1,152,11,198953
1,152,12,278545
1,152,13,294569
1,152,14,273699
1,152,15,237280
1,153,0,3897
1,153,1,22021
1,153,2,76639
1,153,3,68361
1,153,4,149176
1,153,5,129479
1,153,6,84801
1,153,7,126639
1,153,8,206157
1,153,9,219148
1,153,10,228269
1,153,11,177803
1,153,12,230486
1,153,13,280491
1,153,14,240962
1,153,15,290403
1,154,0,60281
1,154,1,30256
1,154,2,76635
1,154,3,64493
1,154,4,131856
1,154,5,110364
1,154,6,147575
1,154,7,77998
1,154,8,199050
1,154,9,166056
1,154,10,183429
1,154,11,204039
1,154,12,244583
1,154,13,232513
1,154,14,273711
1,154,15,246349
1,155,0,8334
1,155,1,18103
1,155,2,47775
1,155,3,70278
1,155,4,142839
1,155,5,107742
1,155,6,88706
1,155,7,126657
1,155,8,227922
1,155,9,223575
1,155,10,182188
1,155,11,193211
1,155,12,234924
1,155,13,286247
1,155,14,295365
1,155,15,303201
1,156,0,65345
1,156,1,32265
1,156,2,72039
1,156,3,65149
1,156,4,78110
1,156,5,135285
1,156,6,95061
1,156,7,116984
1,156,8,226038
1,156,9,168512
1,156,10,223757
1,156,11,175314
1,156,12,250315
1,156,13,259407
1,156,14,237797
1,156,15,296246
1,157,0,61575
1,157,1,6013
1,157,2,27273
1,157,3,72908
1,157,4,120473
1,157,5,85337
1,157,6,129613
1,157,7,146470
1,157,8,209403
1,157,9,172408
1,157,10,220505
1,157,11,202183
1,157,12,306005
1,157,13,301081
1,157,14,285837
1,157,15,246923
1,158,0,43541
1,158,1,71243
1,158,2,35521
1,158,3,24173
1,158,4,128108
1,158,5,138493
1,158,6,126448
1,158,7,101024
1,158,8,163287
1,158,9,224201
1,158,10,186049
1,158,11,211793
1,158,12,231799
1,158,13,302897
1,158,14,246165
1,158,15,234736
1,159,0,69172
1,159,1,6055
1,159,2,61912
1,159,3,37739
1,159,4,139602
1,159,5,82223
1,159,6,88776
1,159,7,138191
1,159,8,160746
1,159,9,162105
1,159,10,154562
1,159,11,202145
1,159,12,233695
1,159,13,295876
1,159,14,260839
1,159,15,270584
1,160,0,30851
1,160,1,46343
1,160,2,13222
1,160,3,28013
1,160,4,133196
1,160,5,129478
1,160,6,111191
1,160,7,136193
1,160,8,175450
1,160,9,211435
1,160,10,185365
1,160,11,158572
1,160,12,235672
1,160,13,245325
1,160,14,285157
1,160,15,240497
1,161,0,107
1,161,1,6697
1,161,2,6181
1,161,3,65237
1,161,4,151107
1,161,5,144884
1,161,6,83629
1,161,7,77287
1,161,8,225929
1,161,9,196132
1,161,10,223091
1,161,11,185557
1,161,12,263198
1,161,13,244775
1,161,14,254525
1,161,15,299399
1,162,0,72476
1,162,1,18225
1,162,2,1667
1,162,3,37046
1,162,4,78760
1,162,5,78371
1,162,6,147673
1,162,7,77303
1,162,8,208768
1,162,9,206906
1,162,10,163677
1,162,11,220127
1,162,12,233689
1,162,13,265861
1,162,14,268490
1,162,15,254581
1,163,0,68545
1,163,1,73850
1,163,2,20193
1,163,3,73557
1,163,4,105092
1,163,5,132152
1,163,6,81640
1,163,7,115153
1,163,8,170933
1,163,9,204330
1,163,10,179013
1,163,11,197605
1,163,12,266307
1,163,13,233786
1,163,14,258891
1,163,15,275680
1,164,0,62139
1,164,1,69925
1,164,2,36223
1,164,3,69050
1,164,4,112001
1,164,5,90517
1,164,6,102781
1,164,7,143857
1,164,8,155546
1,164,9,162791
1,164,10,210330
1,164,11,156642
1,164,12,233018
1,164,13,242733
1,164,14,258305
1,164,15,231571
1,165,0,30831
1,165,1,32166
1,165,2,4853
1,165,3,1160
1,165,4,91623
1,165,5,80160
1,165,6,107359
1,165,7,119522
1,165,8,210003
1,165,9,207617
1,165,10,205872
1,165,11,187387
1,165,12,243349
1,165,13,281185
1,165,14,289675
1,165,15,271310
1,166,0,48151
1,166,1,20648
1,166,2,18933
1,166,3,72866
1,166,4,146060
1,166,5,89231
1,166,6,105935
1,166,7,135529
1,166,8,218377
1,166,9,166716
1,166,10,203848
1,166,11,154813
1,166,12,241328
1,166,13,266405
1,166,14,259578
1,166,15,307134
1,167,0,55121
1,167,1,32865
1,167,2,3014
1,167,3,67081
1,167,4,135163
1,167,5,82107
1,167,6,152651
1,167,7,88197
1,167,8,215736
1,167,9,185169
1,167,10,196891
1,167,11,186087
1,167,12,263181
1,167,13,302917
1,167,14,283854
1,167,15,270673
1,168,0,6477
1,168,1,42503
1,168,2,63758
1,168,3,76055
1,168,4,114650
1,168,5,123172
1,168,6,126471
1,168,7,126635
1,168,8,163309
1,168,9,229985
1,168,10,192459
1,168,11,217484
1,168,12,269525
1,168,13,276799
1,168,14,305693
1,168,15,259166
1,169,0,66020
1,169,1,69420
1,169,2,17076
1,169,3,29292
1,169,4,123037
1,169,5,116044
1,169,6,116265
1,169,7,123421
1,169,8,225288
1,169,9,204453
1,169,10,204546
1,169,11,173337
1,169,12,270129
1,169,13,251829
1,169,14,275589
1,169,15,301407
1,170,0,63441
1,170,1,72538
1,170,2,31171
1,170,3,55541
1,170,4,82024
1,170,5,100771
1,170,6,151480
1,170,7,126589
1,170,8,159371
1,170,9,189002
1,170,10,219312
1,170,11,219444
1,170,12,268252
1,170,13,233147
1,170,14,274302
1,170,15,268149
1,171,0,70455
1,171,1,37359
1,171,2,40790
1,171,3,71015
1,171,4,144129
1,171,5,137775
1,171,6,117480
1,171,7,153571
1,171,8,194054
1,171,9,200505
1,171,10,158511
1,171,11,223221
1,171,12,286181
1,171,13,268971
1,171,14,242384
1,171,15,287291
1,172,0,41631
1,172,1,41845
1,172,2,70815
1,172,3,44079
1,172,4,142089
1,172,5,98720
1,172,6,106612
1,172,7,107442
1,172,8,159459
1,172,9,182623
1,172,10,177703
1,172,11,169462
1,172,12,298355
1,172,13,257463
1,172,14,292921
1,172,15,232205
1,173,0,54459
1,173,1,69997
1,173,2,58662
1,173,3,62596
1,173,4,152421
1,173,5,131478
1,173,6,125177
1,173,7,119599
1,173,8,154337
1,173,9,158273
1,173,10,211613
1,173,11,156028
1,173,12,243279
1,173,13,268357
1,173,14,289052
1,173,15,238051
1,174,0,18648
1,174,1,71946
1,174,2,41354
1,174,3,65847
1,174,4,136990
1,174,5,133392
1,174,6,78522
1,174,7,106827
1,174,8,229765
1,174,9,171175
1,174,10,213491
1,174,11,209842
1,174,12,230405
1,174,13,246626
1,174,14,238489
1,174,15,263603
1,175,0,34028
1,175,1,27071
1,175,2,64393
1,175,3,70322
1,175,4,147996
1,175,5,80295
1,175,6,116315
1,175,7,139393
1,175,8,159417
1,175,9,189610
1,175,10,219861
1,175,11,223962
1,175,12,254105
1,175,13,274134
1,175,14,257623
1,175,15,247001
1,176,0,42395
1,176,1,69380
1,176,2,31770
1,176,3,48558
1,176,4,94829
1,176,5,82125
1,176,6,98914
1,176,7,122781
1,176,8,202361
1,176,9,172475
1,176,10,207687
1,176,11,199625
1,176,12,292630
1,176,13,299148
1,176,14,302501
1,176,15,285309
1,177,0,25659
1,177,1,38629
1,177,2,56669
1,177,3,8914
1,177,4,112138
1,177,5,127585
1,177,6,126537
1,177,7,101644
1,177,8,162059
1,177,9,211361
1,177,10,210292
1,177,11,213660
1,177,12,273327
1,177,13,247266
1,177,14,274340
1,177,15,233487
1,178,0,30872
1,178,1,67483
1,178,2,28495
1,178,3,46663
1,178,4,142864
1,178,5,120539
1,178,6,150085
1,178,7,86982
1,178,8,202248
1,178,9,203733
1,178,10,216073
1,178,11,230305
1,178,12,279054
1,178,13,279273
1,178,14,278785
1,178,15,286605
1,179,0,72977
1,179,1,34799
1,179,2,61831
1,179,3,54909
1,179,4,115258
1,179,5,95623
1,179,6,125214
1,179,7,146434
1,179,8,160655
1,179,9,228086
1,179,10,203261
1,179,11,227136
1,179,12,264475
1,179,13,279210
1,179,14,258887
1,179,15,273254
1,180,0,17428
1,180,1,24499
1,180,2,67608
1,180,3,67775
1,180,4,77506
1,180,5,121167
1,180,6,100170
1,180,7,110056
1,180,8,196535
1,180,9,222297
1,180,10,220570
1,180,11,170753
1,180,12,285513
1,180,13,276695
1,180,14,241617
1,180,15,234785
1,181,0,17989
1,181,1,36707
1,181,2,75217
1,181,3,22250
1,181,4,82605
1,181,5,84005
1,181,6,108534
1,181,7,92029
1,181,8,211921
1,181,9,158306
1,181,10,180925
1,181,11,169531
1,181,12,289950
1,181,13,285116
1,181,14,278119
1,181,15,244992
1,182,0,46222
1,182,1,48209
1,182,2,48967
1,182,3,45971
1,182,4,128647
1,182,5,117942
1,182,6,77795
1,182,7,132972
1,182,8,221524
1,182,9,203071
1,182,10,184006
1,182,11,216847
1,182,12,236894
1,182,13,298472
1,182,14,250660
1,182,15,250723
1,183,0,48093
1,183,1,12413
1,183,2,73355
1,183,3,54888
1,183,4,146012
1,183,5,96273
1,183,6,107226
1,183,7,129167
1,183,8,208097
1,183,9,193593
1,183,10,196850
1,183,11,227094
1,183,12,293781
1,183,13,235686
1,183,14,270452
1,183,15,293690
1,184,0,42285
1,184,1,48927
1,184,2,52247
1,184,3,61339
1,184,4,140899
1,184,5,115367
1,184,6,139986
1,184,7,113780
1,184,8,183140
1,184,9,167230
1,184,10,199403
1,184,11,229627
1,184,12,300174
1,184,13,239585
1,184,14,236532
1,184,15,264921
1,185,0,26919
1,185,1,59158
1,185,2,28533
1,185,3,36449
1,185,4,135687
1,185,5,92389
1,185,6,105935
1,185,7,92695
1,185,8,217700
1,185,9,178175
1,185,10,162301
1,185,11,227712
1,185,12,240102
1,185,13,282437
1,185,14,288387
1,185,15,294338
1,186,0,5262
1,186,1,41792
1,186,2,9985
1,186,3,72811
1,186,4,89734
1,186,5,79570
1,186,6,121368
1,186,7,94665
1,186,8,159507
1,186,9,196080
1,186,10,159754
1,186,11,211075
1,186,12,279125
1,186,13,261925
1,186,14,235265
1,186,15,302575
1,187,0,37917
1,187,1,73889
1,187,2,33037
1,187,3,48517
1,187,4,149178
1,187,5,137164
1,187,6,130281
1,187,7,145227
1,187,8,229155
1,187,9,208246
1,187,10,187224
1,187,11,167611
1,187,12,276612
1,187,13,245314
1,187,14,276806
1,187,15,256631
1,188,0,4578
1,188,1,34097
1,188,2,32427
1,188,3,30654
1,188,4,103837
1,188,5,96212
1,188,6,134804
1,188,7,143359
1,188,8,220189
1,188,9,171122
1,188,10,187963
1,188,11,223337
1,188,12,263126
1,188,13,249123
1,188,14,241735
1,188,15,267428
1,189,0,39836
1,189,1,66091
1,189,2,65063
1,189,3,50452
1,189,4,140959
1,189,5,96314
1,189,6,148294
1,189,7,79885
1,189,8,187678
1,189,9,156977
1,189,10,178369
1,189,11,214372
1,189,12,270821
1,189,13,263229
1,189,14,279372
1,189,15,273833
1,190,0,32776
1,190,1,69298
1,190,2,70740
1,190,3,20353
1,190,4,103828
1,190,5,148686
1,190,6,92525
1,190,7,95228
1,190,8,167129
1,190,9,169161
1,190,10,157783
1,190,11,170784
1,190,12,249023
1,190,13,234429
1,190,14,239133
1,190,15,232886
1,191,0,64129
1,191,1,63556
1,191,2,71405
1,191,3,31953
1,191,4,131865
1,191,5,149403
1,191,6,105310
1,191,7,88805
1,191,8,225320
1,191,9,198621
1,191,10,181467
1,191,11,159901
1,191,12,262546
1,191,13,290817
1,191,14,291522
1,191,15,269987
1,192,0,40977
1,192,1,52065
1,192,2,40664
1,192,3,61379
1,192,4,83257
1,192,5,106548
1,192,6,119461
1,192,7,126065
1,192,8,185626
1,192,9,224802
1,192,10,187948
1,192,11,214340
1,192,12,286191
1,192,13,234511
1,192,14,289094
1,192,15,292384
1,193,0,29549
1,193,1,9143
1,193,2,48439
1,193,3,35775
1,193,4,86495
1,193,5,142349
1,193,6,113662
1,193,7,94563
1,193,8,156827
1,193,9,166714
1,193,10,185393
1,193,11,180425
1,193,12,267006
1,193,13,240909
1,193,14,238406
1,193,15,231575
0,194,0,0
0,195,0,0
0,196,0,0
1,197,0,61509
1,197,1,23948
1,197,2,54860
1,197,3,21656
1,197,4,86443
1,197,5,91158
1,197,6,91972
1,197,7,112491
1,197,8,200467
1,197,9,180653
1,197,10,175116
1,197,11,204770
1,197,12,262400
1,197,13,242119
1,197,14,250014
1,197,15,275689
1,198,0,54525
1,198,1,20667
1,198,2,45843
1,198,3,19721
1,198,4,91027
1,198,5,118574
1,198,6,80979
1,198,7,83068
1,198,8,205451
1,198,9,181983
1,198,10,182148
1,198,11,225792
1,198,12,270822
1,198,13,290769
1,198,14,260924
1,198,15,286045
1,199,0,48731
1,199,1,34766
1,199,2,29276
1,199,3,41547
1,199,4,128746
1,199,5,132699
1,199,6,117516
1,199,7,147815
1,199,8,186898
1,199,9,177594
1,199,10,182745
1,199,11,155477
1,199,12,261819
1,199,13,240190
1,199,14,276283
1,199,15,270053
1,200,0,53843
1,200,1,2224
1,200,2,33023
1,200,3,20983
1,200,4,153017
1,200,5,120569
1,200,6,116290
1,200,7,133057
1,200,8,154303
1,200,9,224929
1,200,10,200671
1,200,11,178421
1,200,12,231707
1,200,13,248536
1,200,14,232053
1,200,15,270596
1,201,0,67973
1,201,1,43763
1,201,2,40125
1,201,3,53095
1,201,4,110233
1,201,5,150001
1,201,6,134186
1,201,7,147165
1,201,8,219610
1,201,9,176267
1,201,10,229553
1,201,11,209827
1,201,12,302211
1,201,13,273562
1,201,14,255813
1,201,15,292423
1,202,0,58893
1,202,1,25183
1,202,2,41422
1,202,3,33207
1,202,4,113361
1,202,5,121789
1,202,6,111162
1,202,7,118905
1,202,8,167781
1,202,9,162110
1,202,10,195584
1,202,11,194551
1,202,12,242715
1,202,13,235702
1,202,14,283318
1,202,15,247552
1,203,0,35890
1,203,1,67406
1,203,2,4869
1,203,3,25564
1,203,4,97319
1,203,5,153168
1,203,6,119487
1,203,7,146504
1,203,8,199078
1,203,9,208955
1,203,10,213573
1,203,11,164403
1,203,12,292607
1,203,13,236416
1,203,14,305671
1,203,15,281487
1,204,0,46196
1,204,1,40627
1,204,2,59261
1,204,3,21615
1,204,4,152344
1,204,5,101297
1,204,6,92584
1,204,7,97894
1,204,8,219667
1,204,9,162819
1,204,10,158553
1,204,11,156742
1,204,12,236953
1,204,13,277412
1,204,14,282631
1,204,15,254604
1,205,0,32715
1,205,1,31659
1,205,2,13855
1,205,3,22279
1,205,4,115324
1,205,5,132679
1,205,6,117580
1,205,7,143245
1,205,8,206236
1,205,9,177529
1,205,10,205893
1,205,11,177204
1,205,12,288158
1,205,13,287520
1,205,14,242363
1,205,15,301300
1,206,0,74972
1,206,1,46907
1,206,2,32418
1,206,3,69069
1,206,4,99996
1,206,5,121799
1,206,6,79193
1,206,7,87618
1,206,8,207425
1,206,9,194741
1,206,10,182751
1,206,11,209858
1,206,12,263188
1,206,13,304831
1,206,14,233966
1,206,15,241180
1,207,0,47437
1,207,1,7293
1,207,2,64324
1,207,3,33852
1,207,4,150510
1,207,5,85384
1,207,6,108536
1,207,7,101657
1,207,8,227987
1,207,9,203112
1,207,10,170656
1,207,11,230347
1,207,12,279791
1,207,13,259389
1,207,14,241620
1,207,15,239201
1,208,0,27668
1,208,1,23297
1,208,2,32472
1,208,3,72839
1,208,4,95409
1,208,5,128917
1,208,6,139861
1,208,7,84963
1,208,8,216401
1,208,9,196669
1,208,10,227577
1,208,11,222604
1,208,12,265643
1,208,13,271527
1,208,14,233945
1,208,15,269977
1,209,0,53208
1,209,1,25121
1,209,2,47149
1,209,3,73489
1,209,4,89636
1,209,5,153250
1,209,6,144992
1,209,7,146443
1,209,8,194642
1,209,9,155809
1,209,10,164939
1,209,11,172065
1,209,12,237542
1,209,13,259439
1,209,14,237259
1,209,15,282151
1,210,0,33321
1,210,1,34128
1,210,2,20833
1,210,3,41451
1,210,4,135834
1,210,5,85984
1,210,6,115543
1,210,7,147827
1,210,8,218380
1,210,9,216586
1,210,10,161743
1,210,11,163738
1,210,12,235568
1,210,13,277287
1,210,14,305110
1,210,15,275692
0,211,0,0
1,212,0,72392
1,212,1,54049
1,212,2,63791
1,212,3,49811
1,212,4,88412
1,212,5,119223
1,212,6,103498
1,212,7,79247
1,212,8,216343
1,212,9,230079
1,212,10,223079
1,212,11,228329
1,212,12,295111
1,212,13,265231
1,212,14,295389
1,212,15,277693
1,213,0,32743
1,213,1,28439
1,213,2,46535
1,213,3,41527
1,213,4,137667
1,213,5,126914
1,213,6,127057
1,213,7,104190
1,213,8,199807
1,213,9,163380
1,213,10,213501
1,213,11,158615
1,213,12,272006
1,213,13,295963
1,213,14,301861
1,213,15,242548
1,214,0,57723
1,214,1,64953
1,214,2,15706
1,214,3,54929
1,214,4,117805
1,214,5,148097
1,214,6,91858
1,214,7,145149
1,214,8,179307
1,214,9,229944
1,214,10,177077
1,214,11,216265
1,214,12,248977
1,214,13,258178
1,214,14,276299
1,214,15,292409
1,215,0,16125
1,215,1,62361
1,215,2,39469
1,215,3,12749
1,215,4,116551
1,215,5,129467
1,215,6,91208
1,215,7,124701
1,215,8,221471
1,215,9,180009
1,215,10,211582
1,215,11,199618
1,215,12,298254
1,215,13,251787
1,215,14,235883
1,215,15,290406
1,216,0,42962
1,216,1,66723
1,216,2,53511
1,216,3,13925
1,216,4,93498
1,216,5,118655
1,216,6,116883
1,216,7,134285
1,216,8,229179
1,216,9,194739
1,216,10,189853
1,216,11,154826
1,216,12,253586
1,216,13,248620
1,216,14,274364
1,216,15,243737
1,217,0,73720
1,217,1,64287
1,217,2,70181
1,217,3,72287
1,217,4,79380
1,217,5,78254
1,217,6,150179
1,217,7,99699
1,217,8,229903
1,217,9,196665
1,217,10,185965
1,217,11,200817
1,217,12,261209
1,217,13,265873
1,217,14,235220
1,217,15,273849
1,218,0,28830
1,218,1,74429
1,218,2,19568
1,218,3,22372
1,218,4,105056
1,218,5,96839
1,218,6,98381
1,218,7,96544
1,218,8,216351
1,218,9,189699
1,218,10,187992
1,218,11,167614
1,218,12,252211
1,218,13,299765
1,218,14,260853
1,218,15,262985
1,219,0,71690
1,219,1,61021
1,219,2,63164
1,219,3,65781
1,219,4,103105
1,219,5,103339
1,219,6,150834
1,219,7,82531
1,219,8,201039
1,219,9,215272
1,219,10,163531
1,219,11,207947
1,219,12,269489
1,219,13,254319
1,219,14,263419
1,219,15,250726
1,220,0,39180
1,220,1,73219
1,220,2,75260
1,220,3,47911
1,220,4,143411
1,220,5,132677
1,220,6,107281
1,220,7,93945
1,220,8,210630
1,220,9,160830
1,220,10,214767
1,220,11,228437
1,220,12,241351
1,220,13,262026
1,220,14,234041
1,220,15,231037
1,221,0,75037
1,221,1,44332
1,221,2,37496
1,221,3,47969
1,221,4,109448
1,221,5,110891
1,221,6,145647
1,221,7,124087
1,221,8,210639
1,221,9,159541
1,221,10,215377
1,221,11,220718
1,221,12,236842
1,221,13,282441
1,221,14,303721
1,221,15,276443
1,222,0,18024
1,222,1,16270
1,222,2,58683
1,222,3,55598
1,222,4,122263
1,222,5,147373
1,222,6,110553
1,222,7,121553
1,222,8,211307
1,222,9,202406
1,222,10,176459
1,222,11,156667
1,222,12,298971
1,222,13,252975
1,222,14,283229
1,222,15,306405
1,223,0,53242
1,223,1,57229
1,223,2,28545
1,223,3,72186
1,223,4,147331
1,223,5,141033
1,223,6,125156
1,223,7,124015
1,223,8,181833
1,223,9,221109
1,223,10,154057
1,223,11,193823
1,223,12,238866
1,223,13,252414
1,223,14,287696
1,223,15,305171
1,224,0,18043
1,224,1,29088
1,224,2,73280
1,224,3,65811
1,224,4,77586
1,224,5,85295
1,224,6,81701
1,224,7,132968
1,224,8,225355
1,224,9,171694
1,224,10,199388
1,224,11,198895
1,224,12,282344
1,224,13,251177
1,224,14,287124
1,224,15,231637
1,225,0,14794
1,225,1,17508
1,225,2,45235
1,225,3,64501
1,225,4,103159
1,225,5,94261
1,225,6,98365
1,225,7,135669
1,225,8,203674
1,225,9,187705
1,225,10,191118
1,225,11,211710
1,225,12,279092
1,225,13,234421
1,225,14,251230
1,225,15,279676
1,226,0,74931
1,226,1,36156
1,226,2,45781
1,226,3,19128
1,226,4,76851
1,226,5,87908
1,226,6,97697
1,226,7,131684
1,226,8,224726
1,226,9,223529
1,226,10,219239
1,226,11,193170
1,226,12,259885
1,226,13,269059
1,226,14,237189
1,226,15,286615
1,227,0,24323
1,227,1,4683
1,227,2,26715
1,227,3,50433
1,227,4,82065
1,227,5,101325
1,227,6,104007
1,227,7,95925
1,227,8,197193
1,227,9,217833
1,227,10,213531
1,227,11,218086
1,227,12,245913
1,227,13,251054
1,227,14,274881
1,227,15,276351
1,228,0,19917
1,228,1,53299
1,228,2,52891
1,228,3,46025
1,228,4,110772
1,228,5,80279
1,228,6,101584
1,228,7,115161
1,228,8,227889
1,228,9,165393
1,228,10,189772
1,228,11,162485
1,228,12,265055
1,228,13,241501
1,228,14,303110
1,228,15,274454
1,229,0,51229
1,229,1,60369
1,229,2,25383
1,229,3,52402
1,229,4,136451
1,229,5,95612
1,229,6,98245
1,229,7,139372
1,229,8,208659
1,229,9,219130
1,229,10,182831
1,229,11,186770
1,229,12,290002
1,229,13,259465
1,229,14,269801
1,229,15,253295
1,230,0,7775
1,230,1,62977
1,230,2,56663
1,230,3,71526
1,230,4,151782
1,230,5,123743
1,230,6,100926
1,230,7,139493
1,230,8,182482
1,230,9,191581
1,230,10,196293
1,230,11,213099
1,230,12,274013
1,230,13,234484
1,230,14,290262
1,230,15,241831
1,231,0,32099
1,231,1,59763
1,231,2,39411
1,231,3,60114
1,231,4,145925
1,231,5,152507
1,231,6,103500
1,231,7,135599
1,231,8,190169
1,231,9,224912
1,231,10,201391
1,231,11,182282
1,231,12,267575
1,231,13,247207
1,231,14,265939
1,231,15,291735
1,232,0,65320
1,232,1,29100
1,232,2,36828
1,232,3,19089
1,232,4,140805
1,232,5,134615
1,232,6,81048
1,232,7,83711
1,232,8,185689
1,232,9,214711
1,232,10,162291
1,232,11,225162
1,232,12,245279
1,232,13,244748
1,232,14,288987
1,232,15,282750
0,233,0,0
1,234,0,45475
1,234,1,27838
1,234,2,57410
1,234,3,7629
1,234,4,108890
1,234,5,90475
1,234,6,151519
1,234,7,120256
1,234,8,160749
1,234,9,160813
1,234,10,225729
1,234,11,221999
1,234,12,248353
1,234,13,251837
1,234,14,259552
1,234,15,254685
1,235,0,35301
1,235,1,34093
1,235,2,73965
1,235,3,40239
1,235,4,84503
1,235,5,102041
1,235,6,147655
1,235,7,148411
1,235,8,172915
1,235,9,170453
1,235,10,178928
1,235,11,221294
1,235,12,258648
1,235,13,231228
1,235,14,264736
1,235,15,277705
1,236,0,50671
1,236,1,56585
1,236,2,48434
1,236,3,44047
1,236,4,142157
1,236,5,78885
1,236,6,131025
1,236,7,138174
1,236,8,224706
1,236,9,178873
1,236,10,162331
1,236,11,196352
1,236,12,290059
1,236,13,302299
1,236,14,240361
1,236,15,305775
0,237,0,0
1,238,0,21805
1,238,1,37921
1,238,2,33115
1,238,3,535
1,238,4,98047
1,238,5,97571
1,238,6,109904
1,238,7,148332
1,238,8,223478
1,238,9,160903
1,238,10,184069
1,238,11,167563
1,238,12,287480
1,238,13,238981
1,238,14,306243
1,238,15,288549
1,239,0,37198
1,239,1,73245
1,239,2,63068
1,239,3,43407
1,239,4,96723
1,239,5,101411
1,239,6,118210
1,239,7,141355
1,239,8,223407
1,239,9,171769
1,239,10,188536
1,239,11,223950
1,239,12,277273
1,239,13,274167
1,239,14,299890
1,239,15,263522
1,240,0,76245
1,240,1,39953
1,240,2,38878
1,240,3,22291
1,240,4,104363
1,240,5,150039
1,240,6,89954
1,240,7,109958
1,240,8,174864
1,240,9,229977
1,240,10,172491
1,240,11,172668
1,240,12,252911
1,240,13,286965
1,240,14,300539
1,240,15,250836
1,241,0,58947
1,241,1,21999
1,241,2,70193
1,241,3,51041
1,241,4,90297
1,241,5,102718
1,241,6,83017
1,241,7,116337
1,241,8,197278
1,241,9,223611
1,241,10,191752
1,241,11,181626
1,241,12,249084
1,241,13,297185
1,241,14,302549
1,241,15,262966
1,242,0,60951
1,242,1,43782
1,242,2,63180
1,242,3,27501
1,242,4,101860
1,242,5,137121
1,242,6,127707
1,242,7,92731
1,242,8,227879
1,242,9,174907
1,242,10,216149
1,242,11,200168
1,242,12,267550
1,242,13,263946
1,242,14,241671
1,242,15,295541
0,243,0,0
0,244,0,0
0,245,0,0
0,246,0,0
1,247,0,50647
1,247,1,62369
1,247,2,1604
1,247,3,28797
1,247,4,89044
1,247,5,150587
1,247,6,152025
1,247,7,115686
1,247,8,160661
1,247,9,224941
1,247,10,214846
1,247,11,179686
1,247,12,240777
1,247,13,256810
1,247,14,247361
1,247,15,257187
1,248,0,31409
1,248,1,46268
1,248,2,49051
1,248,3,5667
1,248,4,95403
1,248,5,105205
1,248,6,102083
1,248,7,131783
1,248,8,160156
1,248,9,208251
1,248,10,203224
1,248,11,154858
1,248,12,241403
1,248,13,280509
1,248,14,253809
1,248,15,273183
1,249,0,67939
1,249,1,14963
1,249,2,47122
1,249,3,26211
1,249,4,144648
1,249,5,124987
1,249,6,141857
1,249,7,119533
1,249,8,187566
1,249,9,219715
1,249,10,170670
1,249,11,177153
1,249,12,234920
1,249,13,285670
1,249,14,259657
1,249,15,254632
1,250,0,48123
1,250,1,46981
1,250,2,76557
1,250,3,35680
1,250,4,109595
1,250,5,124963
1,250,6,140514
1,250,7,138857
1,250,8,188913
1,250,9,182669
1,250,10,207098
1,250,11,195161
1,250,12,261161
1,250,13,230628
1,250,14,285881
1,250,15,262909
1,251,0,22488
1,251,1,41128
1,251,2,63831
1,251,3,75429
1,251,4,89713
1,251,5,87921
1,251,6,119391
1,251,7,86995
1,251,8,179864
1,251,9,219749
1,251,10,198109
1,251,11,211702
1,251,12,266308
1,251,13,237659
1,251,14,234668
1,251,15,271240
1,252,0,48751
1,252,1,48841
1,252,2,53473
1,252,3,30639
1,252,4,130018
1,252,5,133975
1,252,6,95122
1,252,7,103549
1,252,8,187581
1,252,9,199213
1,252,10,201959
1,252,11,174061
1,252,12,266396
1,252,13,253624
1,252,14,296031
1,252,15,240531
1,253,0,76274
1,253,1,57775
1,253,2,57349
1,253,3,49906
1,253,4,101253
1,253,5,135311
1,253,6,129047
1,253,7,133617
1,253,8,188285
1,253,9,213299
1,253,10,174425
1,253,11,155360
1,253,12,277820
1,253,13,299185
1,253,14,306293
1,253,15,251424
1,254,0,75585
1,254,1,12401
1,254,2,31053
1,254,3,40269
1,254,4,97337
1,254,5,118666
1,254,6,109239
1,254,7,79889
1,254,8,158192
1,254,9,198582
1,254,10,173833
1,254,11,229057
1,254,12,253573
1,254,13,256240
1,254,14,232747
1,254,15,273791
1,255,0,51851
1,255,1,73863
1,255,2,74583
1,255,3,41520
1,255,4,86499
1,255,5,131362
1,255,6,86721
1,255,7,94565
1,255,8,208762
1,255,9,220962
1,255,10,172517
1,255,11,159298
1,255,12,291308
1,255,13,237747
1,255,14,258313
1,255,15,243067
1,256,0,30858
1,256,1,41191
1,256,2,26001
1,256,3,45411
1,256,4,136359
1,256,5,119854
1,256,6,87515
1,256,7,132345
1,256,8,222120
1,256,9,223015
1,256,10,221207
1,256,11,160545
1,256,12,259251
1,256,13,266502
1,256,14,239100
1,256,15,257235
1,257,0,28917
1,257,1,72579
1,257,2,26610
1,257,3,72867
1,257,4,90931
1,257,5,141018
1,257,6,80457
1,257,7,112548
1,257,8,218346
1,257,9,226188
1,257,10,193032
1,257,11,183617
1,257,12,236847
1,257,13,262603
1,257,14,279444
1,257,15,257197
1,258,0,41677
1,258,1,54612
1,258,2,7393
1,258,3,29307
1,258,4,136987
1,258,5,104506
1,258,6,149592
1,258,7,97884
1,258,8,222799
1,258,9,193503
1,258,10,168657
1,258,11,158015
1,258,12,245873
1,258,13,277968
1,258,14,273712
1,258,15,271228
1,259,0,28842
1,259,1,70589
1,259,2,26071
1,259,3,66427
1,259,4,117901
1,259,5,105216
1,259,6,114986
1,259,7,131189
1,259,8,197149
1,259,9,201131
1,259,10,179561
1,259,11,184271
1,259,12,295831
1,259,13,263851
1,259,14,240363
1,259,15,301353
1,260,0,29494
1,260,1,75136
1,260,2,17700
1,260,3,47315
1,260,4,128076
1,260,5,100713
1,260,6,111719
1,260,7,110602
1,260,8,193320
1,260,9,198645
1,260,10,208983
1,260,11,191349
1,260,12,298352
1,260,13,278593
1,260,14,242365
1,260,15,287235
1,261,0,26241
1,261,1,32193
1,261,2,45792
1,261,3,1133
1,261,4,124827
1,261,5,109629
1,261,6,134129
1,261,7,147074
1,261,8,158811
1,261,9,179391
1,261,10,209666
1,261,11,190577
1,261,12,249071
1,261,13,304877
1,261,14,281355
1,261,15,248267
1,262,0,49961
1,262,1,70659
1,262,2,61191
1,262,3,27485
1,262,4,84484
1,262,5,117365
1,262,6,148887
1,262,7,115185
1,262,8,227997
1,262,9,185149
1,262,10,189257
1,262,11,175969
1,262,12,279121
1,262,13,293404
1,262,14,235841
1,262,15,236025
1,263,0,58917
1,263,1,29657
1,263,2,22161
1,263,3,39591
1,263,4,117915
1,263,5,146191
1,263,6,143747
1,263,7,78688
1,263,8,204214
1,263,9,213396
1,263,10,157895
1,263,11,205357
1,263,12,275255
1,263,13,242151
1,263,14,301788
1,263,15,264201
1,264,0,18619
1,264,1,50227
1,264,2,17717
1,264,3,36395
1,264,4,137708
1,264,5,133363
1,264,6,131640
1,264,7,93337
1,264,8,204934
1,264,9,195479
1,264,10,205901
1,264,11,229665
1,264,12,257357
1,264,13,260722
1,264,14,267849
1,264,15,233470
1,265,0,72411
1,265,1,33525
1,265,2,34364
1,265,3,12776
1,265,4,146079
1,265,5,77693
1,265,6,120727
1,265,7,83070
1,265,8,156219
1,265,9,210100
1,265,10,200775
1,265,11,209867
1,265,12,247111
1,265,13,273505
1,265,14,237772
1,265,15,252154
1,266,0,23781
1,266,1,3402
1,266,2,58565
1,266,3,59386
1,266,4,150403
1,266,5,146751
1,266,6,80394
1,266,7,92692
1,266,8,172842
1,266,9,190321
1,266,10,191109
1,266,11,196416
1,266,12,249737
1,266,13,236351
1,266,14,304385
1,266,15,239961
1,267,0,28879
1,267,1,55271
1,267,2,31134
1,267,3,64499
1,267,4,82076
1,267,5,128909
1,267,6,102764
1,267,7,146408
1,267,8,172888
1,267,9,175565
1,267,10,188507
1,267,11,226509
1,267,12,247136
1,267,13,306784
1,267,14,304390
1,267,15,255248
1,268,0,69867
1,268,1,27047
1,268,2,51654
1,268,3,62019
1,268,4,92241
1,268,5,101300
1,268,6,91292
1,268,7,109949
1,268,8,195274
1,268,9,183849
1,268,10,192988
1,268,11,161221
1,268,12,260571
1,268,13,254277
1,268,14,290391
1,268,15,261677
1,269,0,12172
1,269,1,46984
1,269,2,9977
1,269,3,17833
1,269,4,151179
1,269,5,98093
1,269,6,114319
1,269,7,138153
1,269,8,165907
1,269,9,200575
1,269,10,169970
1,269,11,220079
1,269,12,264354
1,269,13,272876
1,269,14,287065
1,269,15,304581
1,270,0,23193
1,270,1,16908
1,270,2,67653
1,270,3,6344
1,270,4,147339
1,270,5,103849
1,270,6,152108
1,270,7,77345
1,270,8,155661
1,270,9,203040
1,270,10,184151
1,270,11,168249
1,270,12,296457
1,270,13,295966
1,270,14,287155
1,270,15,242448
1,271,0,64071
1,271,1,25199
1,271,2,52191
1,271,3,61318
1,271,4,140827
1,271,5,93001
1,271,6,90590
1,271,7,109328
1,271,8,208104
1,271,9,208175
1,271,10,205899
1,271,11,203517
1,271,12,283663
1,271,13,275366
1,271,14,249990
1,271,15,231525
1,272,0,40409
1,272,1,35459
1,272,2,66315
1,272,3,15255
1,272,4,104986
1,272,5,121233
1,272,6,84933
1,272,7,129203
1,272,8,184373
1,272,9,226783
1,272,10,209007
1,272,11,178445
1,272,12,254844
1,272,13,286897
1,272,14,283324
1,272,15,265483
1,273,0,69847
1,273,1,64921
1,273,2,47162
1,273,3,5063
1,273,4,133895
1,273,5,146802
1,273,6,93873
1,273,7,85057
1,273,8,204829
1,273,9,208861
1,273,10,178304
1,273,11,172140
1,273,12,242619
1,273,13,266549
1,273,14,251881
1,273,15,297449
1,274,0,32752
1,274,1,5421
1,274,2,13850
1,274,3,54949
1,274,4,95479
1,274,5,113517
1,274,6,82287
1,274,7,140157
1,274,8,160746
1,274,9,214023
1,274,10,178364
1,274,11,198992
1,274,12,294488
1,274,13,238252
1,274,14,242889
1,274,15,237423
1,275,0,9605
1,275,1,34115
1,275,2,8113
1,275,3,60095
1,275,4,130632
1,275,5,131455
1,275,6,86129
1,275,7,99081
1,275,8,195355
1,275,9,189087
1,275,10,175188
1,275,11,177857
1,275,12,275873
1,275,13,253059
1,275,14,253250
1,275,15,253943
1,276,0,14857
1,276,1,23277
1,276,2,11848
1,276,3,49183
1,276,4,100585
1,276,5,91756
1,276,6,120750
1,276,7,149640
1,276,8,211842
1,276,9,203812
1,276,10,221177
1,276,11,165724
1,276,12,269507
1,276,13,249255
1,276,14,255762
1,276,15,247666
1,277,0,16783
1,277,1,35409
1,277,2,30459
1,277,3,13361
1,277,4,151719
1,277,5,78240
1,277,6,91880
1,277,7,142575
1,277,8,226649
1,277,9,227369
1,277,10,162336
1,277,11,206038
1,277,12,266368
1,277,13,256315
1,277,14,286431
1,277,15,283408
1,278,0,57752
1,278,1,61027
1,278,2,59863
1,278,3,67790
1,278,4,76889
1,278,5,121790
1,278,6,143192
1,278,7,83719
1,278,8,182514
1,278,9,192199
1,278,10,212279
1,278,11,163827
1,278,12,288033
1,278,13,295352
1,278,14,237153
1,278,15,259734
1,279,0,47474
1,279,1,61628
1,279,2,23363
1,279,3,49154
1,279,4,144107
1,279,5,84649
1,279,6,153309
1,279,7,145134
1,279,8,219656
1,279,9,163487
1,279,10,187966
1,279,11,193795
1,279,12,254783
1,279,13,268332
1,279,14,235214
1,279,15,234763
1,280,0,3872
1,280,1,76391
1,280,2,13165
1,280,3,10741
1,280,4,149773
1,280,5,113461
1,280,6,144419
1,280,7,93373
1,280,8,202941
1,280,9,168497
1,280,10,176469
1,280,11,170838
1,280,12,234396
1,280,13,304804
1,280,14,296042
1,280,15,268757
1,281,0,28958
1,281,1,42471
1,281,2,72675
1,281,3,15282
1,281,4,144115
1,281,5,118643
1,281,6,134171
1,281,7,100358
1,281,8,153663
1,281,9,168581
1,281,10,198845
1,281,11,199660
1,281,12,251562
1,281,13,233255
1,281,14,275027
1,281,15,293707
1,282,0,43548
1,282,1,17516
1,282,2,10618
1,282,3,4421
1,282,4,102511
1,282,5,125058
1,282,6,134787
1,282,7,136165
1,282,8,197179
1,282,9,162190
1,282,10,190517
1,282,11,190059
1,282,12,250245
1,282,13,270242
1,282,14,269189
1,282,15,269975
1,283,0,21831
1,283,1,4682
1,283,2,3609
1,283,3,6289
1,283,4,82711
1,283,5,107753
1,283,6,128323
1,283,7,121477
1,283,8,183169
1,283,9,171101
1,283,10,187858
1,283,11,174622
1,283,12,232458
1,283,13,285753
1,283,14,270493
1,283,15,275699
1,284,0,69271
1,284,1,29026
1,284,2,36221
1,284,3,74110
1,284,4,98041
1,284,5,99394
1,284,6,122717
1,284,7,144533
1,284,8,171596
1,284,9,163499
1,284,10,218055
1,284,11,218745
1,284,12,230461
1,284,13,257490
1,284,14,292958
1,284,15,302622
1,285,0,49419
1,285,1,32312
1,285,2,6807
1,285,3,64539
1,285,4,114655
1,285,5,119229
1,285,6,88781
1,285,7,100349
1,285,8,217663
1,285,9,208907
1,285,10,169334
1,285,11,219428
1,285,12,275349
1,285,13,248525
1,285,14,264715
1,285,15,264840
1,286,0,27640
1,286,1,57867
1,286,2,62492
1,286,3,56923
1,286,4,106969
1,286,5,87963
1,286,6,120734
1,286,7,134273
1,286,8,174795
1,286,9,181979
1,286,10,173243
1,286,11,212458
1,286,12,262546
1,286,13,295215
1,286,14,232026
1,286,15,270640
1,287,0,38458
1,287,1,25233
1,287,2,54176
1,287,3,38909
1,287,4,87799
1,287,5,84105
1,287,6,116295
1,287,7,141350
1,287,8,219533
1,287,9,172382
1,287,10,210357
1,287,11,221316
1,287,12,242649
1,287,13,283763
1,287,14,239146
1,287,15,236710
1,288,0,69821
1,288,1,39899
1,288,2,70807
1,288,3,49141
1,288,4,112754
1,288,5,135302
1,288,6,131585
1,288,7,99740
1,288,8,181913
1,288,9,165294
1,288,10,189165
1,288,11,199638
1,288,12,251611
1,288,13,262693
1,288,14,285905
1,288,15,239912
1,289,0,64759
1,289,1,53971
1,289,2,70759
1,289,3,65811
1,289,4,105679
1,289,5,91721
1,289,6,101466
1,289,7,84336
1,289,8,192756
1,289,9,176214
1,289,10,225665
1,289,11,195738
1,289,12,231781
1,289,13,235690
1,289,14,237177
1,289,15,292382
1,290,0,21913
1,290,1,70698
1,290,2,27261
1,290,3,58809
1,290,4,108924
1,290,5,146121
1,290,6,103434
1,290,7,121443
1,290,8,211314
1,290,9,215913
1,290,10,157911
1,290,11,156109
1,290,12,282959
1,290,13,255655
1,290,14,276878
1,290,15,251457
1,291,0,55832
1,291,1,66140
1,291,2,61782
1,291,3,25492
1,291,4,80054
1,291,5,122467
1,291,6,146389
1,291,7,99091
1,291,8,172215
1,291,9,212035
1,291,10,221891
1,291,11,227117
1,291,12,301485
1,291,13,245426
1,291,14,291665
1,291,15,236105
1,292,0,4482
1,292,1,37403
1,292,2,50396
1,292,3,19080
1,292,4,121067
1,292,5,79657
1,292,6,130379
1,292,7,118901
1,292,8,166556
1,292,9,212796
1,292,10,212801
1,292,11,161219
1,292,12,247718
1,292,13,292073
1,292,14,287705
1,292,15,271273
0,293,0,0
1,294,0,22453
1,294,1,11130
1,294,2,18299
1,294,3,44033
1,294,4,148578
1,294,5,111539
1,294,6,145713
1,294,7,111966
1,294,8,212552
1,294,9,188431
1,294,10,212904
1,294,11,184836
1,294,12,282893
1,294,13,242226
1,294,14,300603
1,294,15,248251
1,295,0,44293
1,295,1,20724
1,295,2,995
1,295,3,53025
1,295,4,109523
1,295,5,117397
1,295,6,80455
1,295,7,153487
1,295,8,183796
1,295,9,220982
1,295,10,219288
1,295,11,221433
1,295,12,243935
1,295,13,251145
1,295,14,277520
1,295,15,301343
1,296,0,5129
1,296,1,7855
1,296,2,42652
1,296,3,76094
1,296,4,147324
1,296,5,112804
1,296,6,135505
1,296,7,108742
1,296,8,157549
1,296,9,165418
1,296,10,208341
1,296,11,168276
1,296,12,233719
1,296,13,272235
1,296,14,232143
1,296,15,237438
1,297,0,39804
1,297,1,54024
1,297,2,10075
1,297,3,10135
1,297,4,131946
1,297,5,112812
1,297,6,134855
1,297,7,143920
1,297,8,227345
1,297,9,163410
1,297,10,216704
1,297,11,207295
1,297,12,277216
1,297,13,263997
1,297,14,299304
1,297,15,243196
1,298,0,28922
1,298,1,52698
1,298,2,49028
1,298,3,38978
1,298,4,149762
1,298,5,126949
1,298,6,109234
1,298,7,85063
1,298,8,222821
1,298,9,185138
1,298,10,160988
1,298,11,181085
1,298,12,246451
1,298,13,284407
1,298,14,271820
1,298,15,242505
1,299,0,57753
1,299,1,55359
1,299,2,34292
1,299,3,18417
1,299,4,99908
1,299,5,93630
1,299,6,112478
1,299,7,115119
1,299,8,202322
1,299,9,156441
1,299,10,221158
1,299,11,191238
1,299,12,274019
1,299,13,250521
1,299,14,248765
1,299,15,243173
1,300,0,37247
1,300,1,64227
1,300,2,4888
1,300,3,59466
1,300,4,86421
1,300,5,87874
1,300,6,134202
1,300,7,127929
1,300,8,158137
1,300,9,190960
1,300,10,166225
1,300,11,154852
1,300,12,248969
1,300,13,263285
1,300,14,260848
1,300,15,266758
