0,0,0,0
0,1,0,0
0,2,0,0
1,3,0,36585
1,3,1,53401
1,3,2,36949
1,3,3,18512
1,3,4,83967
1,3,5,119287
1,3,6,80423
1,3,7,125374
1,3,8,207506
1,3,9,160959
1,3,10,197468
1,3,11,178436
1,3,12,238162
1,3,13,278029
1,3,14,240466
1,3,15,291808
1,4,0,47486
1,4,1,41212
1,4,2,4803
1,4,3,46682
1,4,4,82565
1,4,5,152579
1,4,6,148893
1,4,7,138845
1,4,8,219603
1,4,9,200577
1,4,10,179678
1,4,11,179045
1,4,12,297680
1,4,13,279247
1,4,14,298635
1,4,15,291808
1,5,0,44847
1,5,1,22662
1,5,2,70134
1,5,3,28765
1,5,4,144005
1,5,5,82201
1,5,6,87451
1,5,7,151643
1,5,8,224711
1,5,9,160310
1,5,10,215373
1,5,11,229629
1,5,12,254151
1,5,13,239631
1,5,14,242940
1,5,15,291808
1,6,0,3327
1,6,1,56554
1,6,2,71411
1,6,3,26838
1,6,4,112721
1,6,5,110935
1,6,6,106061
1,6,7,136935
1,6,8,157453
1,6,9,154532
1,6,10,215450
1,6,11,199543
1,6,12,290673
1,6,13,235760
1,6,14,246738
1,6,15,291808
1,7,0,37914
1,7,1,47654
1,7,2,68869
1,7,3,41578
1,7,4,144669
1,7,5,112273
1,7,6,82307
1,7,7,115180
1,7,8,207454
1,7,9,164736
1,7,10,223078
1,7,11,218096
1,7,12,256099
1,7,13,244148
1,7,14,301766
1,7,15,291808
1,8,0,52549
1,8,1,67413
1,8,2,38808
1,8,3,61434
1,8,4,120969
1,8,5,84067
1,8,6,101475
1,8,7,131756
1,8,8,157443
1,8,9,221041
1,8,10,209707
1,8,11,223323
1,8,12,236865
1,8,13,253020
1,8,14,286434
1,8,15,291808
1,9,0,20609
1,9,1,9778
1,9,2,17607
1,9,3,3721
1,9,4,98564
1,9,5,82096
1,9,6,141189
1,9,7,94647
1,9,8,169055
1,9,9,175034
1,9,10,197584
1,9,11,184167
1,9,12,257309
1,9,13,242115
1,9,14,254435
1,9,15,291808
1,10,0,37821
1,10,1,68131
1,10,2,70726
1,10,3,3721
1,10,4,122388
1,10,5,82096
1,10,6,147595
1,10,7,110580
1,10,8,169055
1,10,9,175034
1,10,10,197584
1,10,11,184167
1,10,12,263110
1,10,13,265180
1,10,14,294151
1,10,15,291808
1,11,0,73621
1,11,1,42470
1,11,2,44508
1,11,3,67723
1,11,4,106886
1,11,5,146129
1,11,6,125271
1,11,7,83083
1,11,8,179961
1,11,9,190921
1,11,10,184648
1,11,11,202102
1,11,12,272151
1,11,13,306189
1,11,14,288384
1,11,15,291808
1,12,0,20505
1,12,1,16866
1,12,2,50989
1,12,3,39546
1,12,4,98017
1,12,5,83361
1,12,6,104641
1,12,7,86333
1,12,8,165144
1,12,9,198602
1,12,10,176411
1,12,11,207845
1,12,12,242628
1,12,13,269740
1,12,14,275585
1,12,15,291808
1,13,0,55761
1,13,1,13653
1,13,2,61216
1,13,3,47920
1,13,4,140239
1,13,5,100029
1,13,6,80344
1,13,7,121477
1,13,8,162079
1,13,9,229959
1,13,10,187913
1,13,11,162492
1,13,12,279141
1,13,13,271017
1,13,14,295517
1,13,15,291808
1,14,0,37854
1,14,1,25189
1,14,2,12591
1,14,3,46714
1,14,4,121023
1,14,5,142917
1,14,6,85509
1,14,7,78586
1,14,8,167057
1,14,9,220421
1,14,10,163673
1,14,11,161792
1,14,12,265620
1,14,13,306785
1,14,14,278141
1,14,15,291808
1,15,0,51907
1,15,1,26539
1,15,2,52172
1,15,3,15921
1,15,4,117212
1,15,5,126980
1,15,6,132856
1,15,7,126017
1,15,8,216376
1,15,9,221704
1,15,10,189783
1,15,11,168169
1,15,12,246435
1,15,13,244797
1,15,14,289697
1,15,15,291808
1,16,0,46144
1,16,1,67469
1,16,2,6801
1,16,3,51694
1,16,4,131213
1,16,5,146758
1,16,6,123955
1,16,7,83104
1,16,8,174815
1,16,9,196659
1,16,10,207740
1,16,11,206062
1,16,12,290571
1,16,13,285047
1,16,14,284569
1,16,15,291808
1,17,0,61593
1,17,1,60473
1,17,2,11356
1,17,3,20418
1,17,4,88419
1,17,5,134587
1,17,6,133517
1,17,7,135615
1,17,8,211851
1,17,9,199916
1,17,10,166181
1,17,11,199005
1,17,12,293260
1,17,13,283114
1,17,14,302504
1,17,15,291808
1,18,0,15493
1,18,1,73277
1,18,2,45173
1,18,3,52961
1,18,4,124859
1,18,5,103217
1,18,6,79688
1,18,7,125393
1,18,8,204172
1,18,9,207599
1,18,10,208387
1,18,11,179737
1,18,12,252857
1,18,13,298433
1,18,14,267909
1,18,15,291808
1,19,0,67959
1,19,1,9243
1,19,2,50909
1,19,3,37070
1,19,4,148521
1,19,5,121240
1,19,6,141226
1,19,7,143277
1,19,8,207388
1,19,9,197957
1,19,10,189773
1,19,11,209865
1,19,12,269579
1,19,13,251053
1,19,14,289047
1,19,15,291808
1,20,0,49973
1,20,1,39959
1,20,2,20201
1,20,3,45951
1,20,4,131243
1,20,5,111535
1,20,6,136683
1,20,7,120824
1,20,8,199826
1,20,9,179445
1,20,10,213450
1,20,11,178421
1,20,12,271442
1,20,13,256282
1,20,14,272425
1,20,15,291808
1,21,0,66019
1,21,1,66830
1,21,2,66249
1,21,3,3107
1,21,4,137648
1,21,5,150683
1,21,6,79116
1,21,7,131721
1,21,8,158238
1,21,9,156463
1,21,10,217391
1,21,11,213608
1,21,12,266272
1,21,13,269653
1,21,14,296061
1,21,15,291808
1,22,0,72447
1,22,1,1449
1,22,2,13789
1,22,3,67082
1,22,4,142207
1,22,5,106515
1,22,6,117581
1,22,7,125339
1,22,8,183735
1,22,9,215949
1,22,10,217325
1,22,11,183657
1,22,12,238203
1,22,13,288869
1,22,14,300569
1,22,15,291808
1,23,0,72408
1,23,1,42481
1,23,2,67029
1,23,3,22319
1,23,4,125546
1,23,5,108320
1,23,6,99675
1,23,7,88264
1,23,8,188824
1,23,9,205617
1,23,10,187260
1,23,11,224499
1,23,12,269549
1,23,13,306235
1,23,14,272323
1,23,15,291808
1,24,0,71805
1,24,1,48889
1,24,2,4887
1,24,3,34431
1,24,4,93462
1,24,5,103908
1,24,6,152151
1,24,7,78693
1,24,8,161436
1,24,9,185769
1,24,10,223097
1,24,11,167576
1,24,12,298264
1,24,13,247866
1,24,14,233947
1,24,15,291808
1,25,0,64071
1,25,1,38585
1,25,2,10054
1,25,3,68979
1,25,4,119163
1,25,5,92396
1,25,6,83008
1,25,7,141989
1,25,8,182537
1,25,9,172402
1,25,10,228270
1,25,11,199565
1,25,12,298364
1,25,13,272279
1,25,14,278121
1,25,15,291808
1,26,0,10334
1,26,1,51519
1,26,2,54180
1,26,3,70269
1,26,4,79486
1,26,5,149317
1,26,6,123209
1,26,7,136259
1,26,8,194699
1,26,9,190315
1,26,10,221781
1,26,11,202817
1,26,12,288069
1,26,13,249153
1,26,14,301128
1,26,15,291808
1,27,0,22477
1,27,1,55229
1,27,2,48453
1,27,3,17140
1,27,4,103725
1,27,5,99392
1,27,6,136067
1,27,7,101081
1,27,8,178635
1,27,9,167226
1,27,10,173181
1,27,11,225251
1,27,12,267679
1,27,13,231857
1,27,14,236532
1,27,15,291808
1,28,0,58894
1,28,1,37373
1,28,2,74068
1,28,3,42803
1,28,4,91663
1,28,5,148026
1,28,6,106650
1,28,7,88173
1,28,8,229815
1,28,9,212052
1,28,10,154063
1,28,11,220004
1,28,12,251553
1,28,13,254983
1,28,14,294137
1,28,15,291808
1,29,0,785
1,29,1,44340
1,29,2,337
1,29,3,5656
1,29,4,79433
1,29,5,150655
1,29,6,146265
1,29,7,90105
1,29,8,213835
1,29,9,176189
1,29,10,188501
1,29,11,205948
1,29,12,284276
1,29,13,250424
1,29,14,273605
1,29,15,291808
1,30,0,63507
1,30,1,59074
1,30,2,25957
1,30,3,19122
1,30,4,100611
1,30,5,104485
1,30,6,132203
1,30,7,131057
1,30,8,161429
1,30,9,176167
1,30,10,212237
1,30,11,211177
1,30,12,246491
1,30,13,247859
1,30,14,297957
1,30,15,291808
1,31,0,16797
1,31,1,13650
1,31,2,35028
1,31,3,25589
1,31,4,107542
1,31,5,125647
1,31,6,140515
1,31,7,122759
1,31,8,216384
1,31,9,203739
1,31,10,214197
1,31,11,207297
1,31,12,268187
1,31,13,242218
1,31,14,233925
1,31,15,291808
1,32,0,28315
1,32,1,843
1,32,2,42067
1,32,3,49194
1,32,4,114619
1,32,5,87880
1,32,6,89942
1,32,7,145777
1,32,8,207458
1,32,9,212049
1,32,10,209673
1,32,11,202170
1,32,12,236938
1,32,13,238369
1,32,14,251307
1,32,15,291808
1,33,0,13573
1,33,1,32207
1,33,2,34880
1,33,3,36468
1,33,4,105006
1,33,5,80316
1,33,6,93769
1,33,7,146420
1,33,8,179326
1,33,9,155093
1,33,10,210295
1,33,11,157995
1,33,12,261873
1,33,13,298405
1,33,14,267856
1,33,15,291808
1,34,0,40362
1,34,1,74558
1,34,2,74653
1,34,3,52477
1,34,4,112761
1,34,5,95039
1,34,6,114273
1,34,7,79217
1,34,8,161354
1,34,9,219829
1,34,10,184710
1,34,11,182949
1,34,12,242664
1,34,13,281769
1,34,14,248707
1,34,15,291808
1,35,0,57672
1,35,1,35393
1,35,2,20231
1,35,3,15845
1,35,4,148551
1,35,5,134045
1,35,6,134727
1,35,7,126718
1,35,8,179963
1,35,9,158374
1,35,10,228805
1,35,11,160506
1,35,12,240704
1,35,13,253022
1,35,14,244216
1,35,15,291808
1,36,0,30770
1,36,1,54614
1,36,2,15052
1,36,3,51693
1,36,4,137741
1,36,5,122436
1,36,6,111100
1,36,7,147092
1,36,8,158797
1,36,9,188342
1,36,10,193707
1,36,11,156036
1,36,12,258063
1,36,13,234450
1,36,14,253777
1,36,15,291808
1,37,0,70531
1,37,1,13729
1,37,2,26575
1,37,3,45976
1,37,4,131940
1,37,5,123041
1,37,6,86773
1,37,7,108662
1,37,8,200442
1,37,9,184491
1,37,10,182082
1,37,11,163765
1,37,12,240773
1,37,13,283706
1,37,14,239751
1,37,15,291808
1,38,0,41001
1,38,1,61652
1,38,2,54201
1,38,3,54334
1,38,4,114008
1,38,5,99423
1,38,6,116943
1,38,7,115759
1,38,8,197833
1,38,9,224919
1,38,10,214846
1,38,11,179111
1,38,12,231779
1,38,13,252343
1,38,14,278120
1,38,15,291808
1,39,0,69851
1,39,1,42411
1,39,2,4318
1,39,3,36389
1,39,4,132538
1,39,5,77630
1,39,6,124537
1,39,7,107475
1,39,8,159418
1,39,9,198587
1,39,10,197499
1,39,11,220106
1,39,12,238146
1,39,13,275383
1,39,14,284575
1,39,15,291808
1,40,0,53245
1,40,1,38608
1,40,2,48399
1,40,3,48547
1,40,4,148521
1,40,5,132764
1,40,6,81613
1,40,7,147116
1,40,8,224677
1,40,9,177598
1,40,10,187231
1,40,11,170148
1,40,12,289974
1,40,13,279893
1,40,14,244301
1,40,15,291808
1,41,0,55159
1,41,1,8630
1,41,2,50937
1,41,3,54933
1,41,4,105751
1,41,5,124359
1,41,6,153340
1,41,7,79871
1,41,8,188239
1,41,9,167281
1,41,10,210361
1,41,11,208495
1,41,12,288117
1,41,13,270286
1,41,14,247519
1,41,15,291808
1,42,0,73615
1,42,1,22596
1,42,2,65090
1,42,3,12029
1,42,4,99302
1,42,5,93618
1,42,6,115523
1,42,7,83165
1,42,8,228635
1,42,9,207609
1,42,10,175195
1,42,11,221345
1,42,12,237518
1,42,13,245282
1,42,14,267250
1,42,15,291808
1,43,0,42937
1,43,1,57765
1,43,2,63082
1,43,3,44683
1,43,4,122899
1,43,5,87256
1,43,6,88125
1,43,7,143278
1,43,8,204190
1,43,9,167907
1,43,10,225087
1,43,11,174570
1,43,12,268875
1,43,13,282517
1,43,14,249373
1,43,15,291808
1,44,0,71799
1,44,1,19367
1,44,2,76509
1,44,3,61989
1,44,4,147849
1,44,5,142981
1,44,6,110507
1,44,7,148347
1,44,8,153601
1,44,9,203749
1,44,10,180283
1,44,11,164983
1,44,12,248321
1,44,13,289494
1,44,14,271111
1,44,15,291808
1,45,0,37190
1,45,1,53971
1,45,2,67023
1,45,3,54982
1,45,4,82652
1,45,5,85951
1,45,6,91212
1,45,7,132328
1,45,8,160701
1,45,9,212719
1,45,10,184069
1,45,11,177785
1,45,12,252246
1,45,13,272809
1,45,14,251907
1,45,15,291808
1,46,0,59534
1,46,1,30967
1,46,2,47065
1,46,3,35071
1,46,4,117156
1,46,5,141058
1,46,6,111701
1,46,7,144585
1,46,8,185676
1,46,9,215305
1,46,10,178351
1,46,11,190039
1,46,12,265658
1,46,13,236983
1,46,14,249972
1,46,15,291808
0,47,0,0
0,48,0,0
0,49,0,0
1,50,0,50011
1,50,1,52745
1,50,2,68902
1,50,3,31909
1,50,4,81952
1,50,5,126912
1,50,6,100837
1,50,7,131747
1,50,8,197852
1,50,9,223569
1,50,10,221871
1,50,11,175314
1,50,12,258639
1,50,13,266440
1,50,14,296134
1,50,15,291808
1,51,0,12271
1,51,1,51365
1,51,2,52189
1,51,3,76755
1,51,4,80051
1,51,5,87863
1,51,6,111142
1,51,7,93331
1,51,8,225420
1,51,9,223649
1,51,10,205811
1,51,11,206586
1,51,12,282284
1,51,13,268442
1,51,14,248097
1,51,15,291808
1,52,0,71688
1,52,1,32894
1,52,2,22163
1,52,3,29959
1,52,4,105617
1,52,5,129547
1,52,6,115011
1,52,7,104828
1,52,8,201649
1,52,9,188354
1,52,10,166204
1,52,11,200901
1,52,12,302207
1,52,13,235692
1,52,14,247388
1,52,15,291808
1,53,0,13519
1,53,1,75075
1,53,2,40030
1,53,3,67124
1,53,4,147929
1,53,5,96217
1,53,6,95757
1,53,7,101053
1,53,8,184345
1,53,9,171053
1,53,10,222451
1,53,11,216162
1,53,12,282277
1,53,13,261381
1,53,14,253192
1,53,15,291808
1,54,0,19351
1,54,1,62987
1,54,2,47097
1,54,3,70315
1,54,4,137711
1,54,5,86603
1,54,6,103491
1,54,7,127859
1,54,8,199066
1,54,9,175602
1,54,10,214771
1,54,11,191261
1,54,12,289377
1,54,13,263978
1,54,14,275540
1,54,15,291808
1,55,0,30866
1,55,1,58410
1,55,2,74635
1,55,3,58752
1,55,4,104365
1,55,5,101976
1,55,6,86166
1,55,7,118314
1,55,8,217635
1,55,9,178815
1,55,10,157865
1,55,11,200197
1,55,12,301515
1,55,13,264489
1,55,14,251849
1,55,15,291808
1,56,0,61452
1,56,1,4703
1,56,2,45140
1,56,3,56201
1,56,4,122253
1,56,5,89773
1,56,6,98953
1,56,7,81167
1,56,8,167717
1,56,9,164687
1,56,10,198194
1,56,11,163772
1,56,12,250978
1,56,13,293408
1,56,14,244817
1,56,15,291808
1,57,0,52504
1,57,1,15679
1,57,2,29873
1,57,3,54267
1,57,4,78774
1,57,5,125028
1,57,6,98888
1,57,7,117051
1,57,8,179985
1,57,9,176893
1,57,10,160417
1,57,11,203394
1,57,12,237515
1,57,13,251734
1,57,14,267238
1,57,15,291808
1,58,0,12895
1,58,1,56619
1,58,2,5480
1,58,3,49850
1,58,4,99955
1,58,5,87228
1,58,6,100223
1,58,7,78575
1,58,8,200445
1,58,9,194173
1,58,10,219319
1,58,11,227079
1,58,12,303513
1,58,13,244673
1,58,14,289107
1,58,15,291808
1,59,0,74951
1,59,1,11107
1,59,2,65705
1,59,3,58155
1,59,4,98024
1,59,5,77678
1,59,6,99620
1,59,7,98415
1,59,8,165225
1,59,9,227423
1,59,10,225720
1,59,11,219463
1,59,12,291227
1,59,13,292783
1,59,14,296022
1,59,15,291808
1,60,0,16095
1,60,1,64818
1,60,2,33655
1,60,3,12645
1,60,4,80691
1,60,5,88567
1,60,6,97029
1,60,7,131126
1,60,8,186331
1,60,9,208813
1,60,10,198806
1,60,11,207262
1,60,12,277251
1,60,13,298514
1,60,14,283237
1,60,15,291808
1,61,0,76230
1,61,1,29659
1,61,2,66370
1,61,3,6884
1,61,4,135772
1,61,5,93627
1,61,6,150098
1,61,7,128564
1,61,8,214488
1,61,9,215226
1,61,10,166147
1,61,11,154739
1,61,12,242047
1,61,13,259467
1,61,14,240346
1,61,15,291808
1,62,0,62173
1,62,1,17457
1,62,2,64366
1,62,3,74165
1,62,4,77584
1,62,5,81469
1,62,6,129023
1,62,7,77924
1,62,8,200347
1,62,9,173653
1,62,10,224989
1,62,11,227046
1,62,12,241326
1,62,13,230717
1,62,14,305625
1,62,15,291808
1,63,0,56328
1,63,1,52036
1,63,2,32994
1,63,3,57513
1,63,4,87814
1,63,5,123792
1,63,6,86137
1,63,7,145134
1,63,8,216427
1,63,9,159610
1,63,10,230155
1,63,11,195195
1,63,12,232401
1,63,13,266453
1,63,14,301903
1,63,15,291808
1,64,0,60848
1,64,1,34721
1,64,2,49759
1,64,3,51767
1,64,4,128047
1,64,5,125011
1,64,6,77806
1,64,7,143263
1,64,8,186358
1,64,9,205679
1,64,10,208371
1,64,11,188668
1,64,12,298959
1,64,13,264497
1,64,14,269154
1,64,15,291808
1,65,0,67282
1,65,1,75193
1,65,2,43295
1,65,3,46637
1,65,4,117829
1,65,5,110927
1,65,6,123241
1,65,7,123410
1,65,8,229876
1,65,9,206300
1,65,10,205222
1,65,11,198371
1,65,12,235676
1,65,13,237653
1,65,14,254536
1,65,15,291808
1,66,0,67954
1,66,1,41844
1,66,2,46441
1,66,3,34466
1,66,4,128750
1,66,5,142899
1,66,6,134171
1,66,7,147699
1,66,8,222814
1,66,9,183911
1,66,10,196215
1,66,11,180409
1,66,12,302175
1,66,13,284963
1,66,14,273645
1,66,15,291808
1,67,0,19893
1,67,1,74558
1,67,2,75991
1,67,3,20965
1,67,4,144661
1,67,5,103259
1,67,6,91879
1,67,7,91487
1,67,8,158129
1,67,9,226787
1,67,10,218565
1,67,11,164399
1,67,12,250372
1,67,13,238893
1,67,14,266655
1,67,15,291808
1,68,0,59561
1,68,1,74499
1,68,2,36246
1,68,3,75463
1,68,4,81966
1,68,5,101431
1,68,6,83022
1,68,7,149051
1,68,8,227860
1,68,9,197329
1,68,10,205764
1,68,11,160527
1,68,12,286815
1,68,13,265763
1,68,14,289084
1,68,15,291808
1,69,0,48130
1,69,1,46378
1,69,2,13819
1,69,3,54357
1,69,4,123024
1,69,5,119981
1,69,6,95769
1,69,7,145765
1,69,8,165900
1,69,9,212065
1,69,10,207167
1,69,11,174071
1,69,12,306652
1,69,13,247357
1,69,14,295456
1,69,15,291808
1,70,0,44160
1,70,1,46884
1,70,2,33051
1,70,3,67744
1,70,4,105083
1,70,5,103957
1,70,6,129654
1,70,7,132352
1,70,8,160658
1,70,9,183254
1,70,10,202042
1,70,11,179072
1,70,12,277227
1,70,13,242869
1,70,14,271134
1,70,15,291808
1,71,0,59577
1,71,1,55311
1,71,2,41938
1,71,3,38962
1,71,4,94854
1,71,5,118573
1,71,6,111042
1,71,7,119590
1,71,8,174730
1,71,9,169889
1,71,10,192431
1,71,11,212353
1,71,12,295721
1,71,13,251795
1,71,14,257753
1,71,15,291808
1,72,0,57682
1,72,1,73884
1,72,2,52264
1,72,3,48570
1,72,4,85209
1,72,5,116791
1,72,6,116263
1,72,7,103643
1,72,8,171545
1,72,9,212711
1,72,10,191825
1,72,11,186139
1,72,12,237521
1,72,13,253634
1,72,14,283939
1,72,15,291808
1,73,0,46161
1,73,1,73190
1,73,2,59949
1,73,3,18405
1,73,4,94854
1,73,5,93619
1,73,6,79129
1,73,7,97138
1,73,8,184344
1,73,9,224817
1,73,10,202073
1,73,11,209222
1,73,12,272070
1,73,13,247339
1,73,14,290269
1,73,15,291808
1,74,0,27577
1,74,1,32231
1,74,2,52839
1,74,3,74213
1,74,4,125491
1,74,5,130817
1,74,6,118185
1,74,7,91440
1,74,8,176713
1,74,9,228683
1,74,10,168155
1,74,11,178541
1,74,12,234886
1,74,13,232480
1,74,14,237168
1,74,15,291808
1,75,0,50715
1,75,1,62969
1,75,2,64359
1,75,3,58116
1,75,4,107652
1,75,5,88559
1,75,6,85531
1,75,7,137533
1,75,8,214468
1,75,9,188332
1,75,10,171311
1,75,11,229047
1,75,12,286833
1,75,13,255560
1,75,14,230725
1,75,15,291808
1,76,0,34065
1,76,1,38651
1,76,2,48337
1,76,3,26144
1,76,4,78867
1,76,5,151885
1,76,6,96406
1,76,7,84417
1,76,8,161403
1,76,9,185147
1,76,10,154067
1,76,11,191869
1,76,12,265097
1,76,13,306799
1,76,14,294746
1,76,15,291808
1,77,0,30160
1,77,1,73848
1,77,2,47717
1,77,3,76662
1,77,4,150497
1,77,5,80953
1,77,6,88065
1,77,7,138165
1,77,8,173506
1,77,9,171687
1,77,10,183445
1,77,11,225179
1,77,12,246425
1,77,13,306135
1,77,14,261502
1,77,15,291808
1,78,0,62840
1,78,1,68675
1,78,2,50330
1,78,3,75493
1,78,4,152429
1,78,5,128179
1,78,6,119384
1,78,7,120225
1,78,8,204905
1,78,9,158276
1,78,10,175744
1,78,11,222589
1,78,12,232348
1,78,13,254355
1,78,14,306312
1,78,15,291808
1,79,0,59609
1,79,1,75719
1,79,2,68877
1,79,3,10202
1,79,4,129380
1,79,5,126383
1,79,6,107924
1,79,7,106111
1,79,8,188288
1,79,9,155148
1,79,10,194397
1,79,11,173290
1,79,12,300917
1,79,13,240288
1,79,14,254421
1,79,15,291808
1,80,0,9621
1,80,1,64162
1,80,2,41994
1,80,3,54921
1,80,4,90267
1,80,5,105170
1,80,6,78533
1,80,7,149625
1,80,8,156204
1,80,9,223524
1,80,10,177008
1,80,11,159909
1,80,12,236243
1,80,13,274774
1,80,14,296752
1,80,15,291808
1,81,0,54426
1,81,1,53329
1,81,2,29896
1,81,3,76143
1,81,4,130054
1,81,5,140376
1,81,6,138035
1,81,7,87025
1,81,8,210042
1,81,9,215230
1,81,10,212291
1,81,11,190568
1,81,12,255409
1,81,13,233278
1,81,14,292188
1,81,15,291808
1,82,0,23837
1,82,1,9206
1,82,2,16343
1,82,3,47305
1,82,4,105029
1,82,5,133338
1,82,6,116202
1,82,7,137529
1,82,8,218992
1,82,9,210871
1,82,10,228882
1,82,11,204779
1,82,12,240665
1,82,13,270291
1,82,14,232715
1,82,15,291808
1,83,0,51273
1,83,1,18742
1,83,2,64384
1,83,3,53034
1,83,4,122979
1,83,5,102007
1,83,6,120134
1,83,7,138746
1,83,8,208079
1,83,9,175623
1,83,10,226969
1,83,11,227814
1,83,12,238125
1,83,13,248603
1,83,14,254477
1,83,15,291808
1,84,0,17937
1,84,1,14970
1,84,2,36881
1,84,3,63307
1,84,4,118497
1,84,5,138453
1,84,6,111088
1,84,7,149623
1,84,8,224090
1,84,9,187188
1,84,10,161608
1,84,11,167549
1,84,12,240702
1,84,13,299041
1,84,14,283255
1,84,15,291808
1,85,0,39794
1,85,1,25129
1,85,2,63100
1,85,3,23539
1,85,4,108941
1,85,5,80319
1,85,6,136689
1,85,7,134266
1,85,8,190181
1,85,9,221019
1,85,10,217377
1,85,11,182289
1,85,12,243346
1,85,13,233135
1,85,14,259557
1,85,15,291808
1,86,0,74974
1,86,1,64932
1,86,2,15085
1,86,3,60081
1,86,4,117834
1,86,5,122407
1,86,6,96332
1,86,7,140694
1,86,8,193976
1,86,9,218425
1,86,10,209664
1,86,11,197079
1,86,12,250311
1,86,13,262571
1,86,14,251990
1,86,15,291808
1,87,0,68587
1,87,1,45050
1,87,2,20176
1,87,3,24282
1,87,4,97366
1,87,5,111579
1,87,6,129117
1,87,7,130400
1,87,8,223460
1,87,9,220367
1,87,10,228160
1,87,11,182327
1,87,12,295794
1,87,13,256891
1,87,14,296718
1,87,15,291808
1,88,0,6418
1,88,1,73237
1,88,2,14407
1,88,3,37693
1,88,4,149837
1,88,5,133369
1,88,6,91877
1,88,7,98420
1,88,8,218986
1,88,9,201780
1,88,10,199417
1,88,11,215590
1,88,12,248383
1,88,13,234512
1,88,14,269815
1,88,15,291808
1,89,0,37274
1,89,1,73876
1,89,2,54780
1,89,3,1265
1,89,4,149261
1,89,5,78913
1,89,6,95163
1,89,7,92764
1,89,8,179889
1,89,9,199233
1,89,10,203859
1,89,11,213671
1,89,12,257409
1,89,13,265161
1,89,14,267955
1,89,15,291808
1,90,0,26971
1,90,1,7868
1,90,2,61869
1,90,3,76030
1,90,4,152393
1,90,5,126339
1,90,6,77231
1,90,7,149665
1,90,8,195967
1,90,9,225474
1,90,10,223689
1,90,11,207933
1,90,12,238811
1,90,13,275386
1,90,14,272457
1,90,15,291808
1,91,0,55726
1,91,1,68101
1,91,2,52271
1,91,3,64481
1,91,4,89000
1,91,5,127569
1,91,6,118177
1,91,7,86371
1,91,8,215761
1,91,9,190328
1,91,10,187914
1,91,11,210427
1,91,12,231076
1,91,13,271630
1,91,14,237219
1,91,15,291808
1,92,0,71764
1,92,1,27158
1,92,2,49071
1,92,3,58799
1,92,4,147847
1,92,5,113461
1,92,6,81079
1,92,7,77295
1,92,8,225353
1,92,9,229937
1,92,10,184097
1,92,11,203376
1,92,12,252918
1,92,13,230578
1,92,14,262829
1,92,15,291808
1,93,0,27033
1,93,1,64233
1,93,2,59207
1,93,3,76715
1,93,4,142847
1,93,5,76969
1,93,6,81076
1,93,7,144529
1,93,8,171588
1,93,9,160933
1,93,10,210989
1,93,11,228998
1,93,12,269483
1,93,13,290155
1,93,14,250640
1,93,15,291808
1,94,0,46815
1,94,1,35362
1,94,2,17660
1,94,3,27478
1,94,4,105669
1,94,5,103854
1,94,6,90662
1,94,7,152865
1,94,8,210037
1,94,9,212719
1,94,10,170694
1,94,11,212330
1,94,12,294435
1,94,13,262691
1,94,14,276211
1,94,15,291808
1,95,0,27628
1,95,1,53333
1,95,2,64985
1,95,3,27411
1,95,4,139652
1,95,5,110889
1,95,6,125220
1,95,7,101106
1,95,8,169011
1,95,9,227382
1,95,10,220533
1,95,11,159302
1,95,12,236209
1,95,13,255523
1,95,14,299927
1,95,15,291808
0,96,0,0
0,97,0,0
0,98,0,0
1,99,0,23195
1,99,1,76322
1,99,2,17733
1,99,3,19837
1,99,4,149129
1,99,5,92341
1,99,6,130918
1,99,7,90117
1,99,8,225983
1,99,9,160801
1,99,10,198875
1,99,11,218866
1,99,12,241411
1,99,13,244029
1,99,14,253190
1,99,15,291808
1,100,0,25039
1,100,1,25800
1,100,2,58626
1,100,3,58151
1,100,4,90951
1,100,5,123168
1,100,6,126519
1,100,7,133115
1,100,8,223428
1,100,9,180154
1,100,10,224372
1,100,11,193160
1,100,12,296982
1,100,13,267153
1,100,14,264753
1,100,15,291808
1,101,0,44313
1,101,1,74473
1,101,2,6165
1,101,3,57545
1,101,4,138272
1,101,5,134070
1,101,6,133578
1,101,7,129768
1,101,8,203597
1,101,9,219745
1,101,10,187273
1,101,11,220790
1,101,12,285573
1,101,13,258138
1,101,14,298643
1,101,15,291808
1,102,0,4597
1,102,1,50081
1,102,2,54134
1,102,3,66497
1,102,4,149215
1,102,5,118666
1,102,6,142485
1,102,7,118946
1,102,8,169078
1,102,9,209447
1,102,10,162972
1,102,11,197016
1,102,12,255421
1,102,13,254272
1,102,14,234052
1,102,15,291808
1,103,0,19904
1,103,1,39967
1,103,2,38236
1,103,3,22266
1,103,4,110236
1,103,5,86573
1,103,6,91989
1,103,7,133073
1,103,8,169048
1,103,9,217211
1,103,10,155873
1,103,11,220152
1,103,12,244618
1,103,13,253613
1,103,14,269233
1,103,15,291808
1,104,0,9749
1,104,1,50100
1,104,2,50329
1,104,3,61391
1,104,4,101242
1,104,5,103910
1,104,6,120052
1,104,7,95212
1,104,8,158167
1,104,9,210159
1,104,10,171257
1,104,11,223894
1,104,12,251587
1,104,13,239566
1,104,14,244851
1,104,15,291808
1,105,0,66591
1,105,1,71308
1,105,2,4822
1,105,3,32611
1,105,4,139674
1,105,5,120552
1,105,6,80403
1,105,7,113167
1,105,8,201723
1,105,9,182607
1,105,10,182743
1,105,11,202745
1,105,12,238217
1,105,13,244081
1,105,14,287721
1,105,15,291808
1,106,0,38400
1,106,1,66797
1,106,2,50250
1,106,3,36362
1,106,4,79509
1,106,5,116135
1,106,6,86129
1,106,7,110075
1,106,8,181909
1,106,9,226184
1,106,10,212887
1,106,11,173393
1,106,12,244515
1,106,13,295310
1,106,14,278143
1,106,15,291808
1,107,0,40466
1,107,1,28372
1,107,2,6106
1,107,3,16509
1,107,4,137097
1,107,5,93058
1,107,6,105982
1,107,7,141922
1,107,8,154969
1,107,9,184558
1,107,10,220572
1,107,11,209818
1,107,12,288679
1,107,13,231357
1,107,14,276273
1,107,15,291808
1,108,0,76258
1,108,1,1579
1,108,2,28602
1,108,3,17835
1,108,4,94811
1,108,5,90427
1,108,6,146268
1,108,7,141407
1,108,8,194611
1,108,9,203100
1,108,10,206411
1,108,11,175943
1,108,12,248428
1,108,13,240923
1,108,14,301169
1,108,15,291808
1,109,0,36600
1,109,1,35472
1,109,2,44529
1,109,3,61418
1,109,4,146564
1,109,5,96239
1,109,6,122067
1,109,7,84322
1,109,8,181893
1,109,9,215310
1,109,10,218617
1,109,11,205988
1,109,12,239426
1,109,13,242747
1,109,14,244885
1,109,15,291808
1,110,0,66609
1,110,1,29080
1,110,2,23449
1,110,3,61281
1,110,4,144716
1,110,5,100646
1,110,6,123306
1,110,7,112639
1,110,8,200381
1,110,9,212711
1,110,10,205231
1,110,11,159851
1,110,12,260560
1,110,13,306744
1,110,14,299990
1,110,15,291808
1,111,0,10314
1,111,1,50239
1,111,2,22131
1,111,3,27376
1,111,4,103121
1,111,5,130770
1,111,6,143177
1,111,7,134241
1,111,8,204209
1,111,9,160827
1,111,10,182235
1,111,11,186215
1,111,12,250933
1,111,13,297227
1,111,14,264110
1,111,15,291808
1,112,0,69248
1,112,1,7853
1,112,2,13208
1,112,3,69606
1,112,4,87839
1,112,5,132677
1,112,6,82259
1,112,7,102920
1,112,8,192737
1,112,9,186429
1,112,10,198198
1,112,11,179757
1,112,12,272698
1,112,13,254263
1,112,14,241683
1,112,15,291808
1,113,0,30835
1,113,1,45719
1,113,2,65021
1,113,3,65195
1,113,4,134477
1,113,5,120619
1,113,6,115545
1,113,7,108771
1,113,8,184960
1,113,9,224882
1,113,10,170049
1,113,11,190631
1,113,12,269571
1,113,13,305463
1,113,14,297970
1,113,15,291808
1,114,0,28163
1,114,1,24544
1,114,2,47100
1,114,3,76149
1,114,4,106973
1,114,5,141669
1,114,6,80978
1,114,7,118914
1,114,8,177369
1,114,9,155105
1,114,10,174419
1,114,11,203415
1,114,12,268188
1,114,13,253061
1,114,14,258339
1,114,15,291808
1,115,0,16669
1,115,1,7291
1,115,2,19592
1,115,3,52373
1,115,4,80703
1,115,5,115479
1,115,6,91213
1,115,7,122769
1,115,8,224054
1,115,9,190392
1,115,10,216128
1,115,11,222605
1,115,12,272091
1,115,13,288932
1,115,14,230768
1,115,15,291808
1,116,0,38554
1,116,1,13012
1,116,2,19038
1,116,3,25457
1,116,4,147335
1,116,5,98835
1,116,6,98924
1,116,7,80501
1,116,8,178646
1,116,9,220438
1,116,10,154665
1,116,11,156700
1,116,12,231735
1,116,13,269041
1,116,14,300537
1,116,15,291808
1,117,0,60205
1,117,1,32843
1,117,2,8680
1,117,3,31847
1,117,4,107608
1,117,5,95670
1,117,6,138641
1,117,7,145136
1,117,8,217693
1,117,9,222923
1,117,10,172489
1,117,11,227778
1,117,12,270735
1,117,13,290773
1,117,14,253195
1,117,15,291808
1,118,0,30125
1,118,1,62323
1,118,2,65701
1,118,3,67190
1,118,4,139029
1,118,5,104637
1,118,6,102183
1,118,7,111848
1,118,8,178072
1,118,9,168513
1,118,10,186067
1,118,11,209883
1,118,12,282895
1,118,13,256198
1,118,14,234643
1,118,15,291808
1,119,0,72340
1,119,1,36039
1,119,2,45917
1,119,3,30614
1,119,4,85261
1,119,5,149322
1,119,6,120079
1,119,7,115149
1,119,8,157524
1,119,9,199881
1,119,10,191125
1,119,11,220035
1,119,12,275904
1,119,13,273459
1,119,14,232664
1,119,15,291808
1,120,0,72374
1,120,1,57173
1,120,2,52203
1,120,3,4384
1,120,4,120352
1,120,5,147373
1,120,6,128415
1,120,7,118918
1,120,8,224034
1,120,9,192196
1,120,10,196909
1,120,11,164388
1,120,12,234978
1,120,13,284996
1,120,14,275609
1,120,15,291808
1,121,0,73079
1,121,1,59719
1,121,2,6081
1,121,3,75403
1,121,4,135838
1,121,5,83363
1,121,6,98993
1,121,7,116388
1,121,8,206862
1,121,9,224263
1,121,10,196192
1,121,11,175843
1,121,12,294529
1,121,13,245962
1,121,14,283892
1,121,15,291808
1,122,0,16708
1,122,1,40486
1,122,2,445
1,122,3,26132
1,122,4,109572
1,122,5,136510
1,122,6,130381
1,122,7,91433
1,122,8,195919
1,122,9,188402
1,122,10,169963
1,122,11,163732
1,122,12,231769
1,122,13,251087
1,122,14,270446
1,122,15,291808
1,123,0,28823
1,123,1,55326
1,123,2,7434
1,123,3,57466
1,123,4,121099
1,123,5,100067
1,123,6,146338
1,123,7,150929
1,123,8,161281
1,123,9,216491
1,123,10,201399
1,123,11,216804
1,123,12,258671
1,123,13,239617
1,123,14,250686
1,123,15,291808
1,124,0,65930
1,124,1,20066
1,124,2,25923
1,124,3,42777
1,124,4,136476
1,124,5,105205
1,124,6,124631
1,124,7,140710
1,124,8,229177
1,124,9,214709
1,124,10,194896
1,124,11,228421
1,124,12,293860
1,124,13,242189
1,124,14,258994
1,124,15,291808
1,125,0,12206
1,125,1,57837
1,125,2,41431
1,125,3,70987
1,125,4,133204
1,125,5,108961
1,125,6,130993
1,125,7,123469
1,125,8,223512
1,125,9,162224
1,125,10,164865
1,125,11,170754
1,125,12,283635
1,125,13,247999
1,125,14,285198
1,125,15,291808
1,126,0,51913
1,126,1,75713
1,126,2,36953
1,126,3,65147
1,126,4,123641
1,126,5,80833
1,126,6,113074
1,126,7,104189
1,126,8,187600
1,126,9,186425
1,126,10,216137
1,126,11,188117
1,126,12,233737
1,126,13,260002
1,126,14,278170
1,126,15,291808
1,127,0,36599
1,127,1,54629
1,127,2,49691
1,127,3,70289
1,127,4,134531
1,127,5,125606
1,127,6,116294
1,127,7,144483
1,127,8,193287
1,127,9,181395
1,127,10,228290
1,127,11,155389
1,127,12,252177
1,127,13,260128
1,127,14,255044
1,127,15,291808
1,128,0,67981
1,128,1,43809
1,128,2,36297
1,128,3,68403
1,128,4,146023
1,128,5,137152
1,128,6,97658
1,128,7,122731
1,128,8,169725
1,128,9,203725
1,128,10,156551
1,128,11,168828
1,128,12,267002
1,128,13,264601
1,128,14,293513
1,128,15,291808
1,129,0,67891
1,129,1,9247
1,129,2,23433
1,129,3,38923
1,129,4,144780
1,129,5,114151
1,129,6,116269
1,129,7,115799
1,129,8,208094
1,129,9,185845
1,129,10,195662
1,129,11,227049
1,129,12,255451
1,129,13,283836
1,129,14,254409
1,129,15,291808
1,130,0,41089
1,130,1,4641
1,130,2,29760
1,130,3,5060
1,130,4,126785
1,130,5,125012
1,130,6,133578
1,130,7,134951
1,130,8,163988
1,130,9,205736
1,130,10,191043
1,130,11,220691
1,130,12,275919
1,130,13,261329
1,130,14,264018
1,130,15,291808
1,131,0,73003
1,131,1,3366
1,131,2,33031
1,131,3,56170
1,131,4,147915
1,131,5,153250
1,131,6,79719
1,131,7,129222
1,131,8,167781
1,131,9,183842
1,131,10,177093
1,131,11,228372
1,131,12,235605
1,131,13,240263
1,131,14,265309
1,131,15,291808
1,132,0,64029
1,132,1,51511
1,132,2,29219
1,132,3,48573
1,132,4,105001
1,132,5,111002
1,132,6,80348
1,132,7,122101
1,132,8,217029
1,132,9,202415
1,132,10,212863
1,132,11,202169
1,132,12,268956
1,132,13,251762
1,132,14,253773
1,132,15,291808
1,133,0,62802
1,133,1,63522
1,133,2,38824
1,133,3,42163
1,133,4,90977
1,133,5,153143
1,133,6,134876
1,133,7,92691
1,133,8,211890
1,133,9,228655
1,133,10,200747
1,133,11,200874
1,133,12,253512
1,133,13,299043
1,133,14,278769
1,133,15,291808
1,134,0,59027
1,134,1,26524
1,134,2,3606
1,134,3,6322
1,134,4,116509
1,134,5,142304
1,134,6,83617
1,134,7,109380
1,134,8,194023
1,134,9,194767
1,134,10,214863
1,134,11,158049
1,134,12,249706
1,134,13,285091
1,134,14,260313
1,134,15,291808
1,135,0,72475
1,135,1,19513
1,135,2,15765
1,135,3,21055
1,135,4,108870
1,135,5,88513
1,135,6,91959
1,135,7,144571
1,135,8,163862
1,135,9,155725
1,135,10,193712
1,135,11,200170
1,135,12,238144
1,135,13,284325
1,135,14,265344
1,135,15,291808
1,136,0,44229
1,136,1,56509
1,136,2,30465
1,136,3,43374
1,136,4,77548
1,136,5,102675
1,136,6,118200
1,136,7,136897
1,136,8,188827
1,136,9,220448
1,136,10,195559
1,136,11,225138
1,136,12,261885
1,136,13,246573
1,136,14,275641
1,136,15,291808
1,137,0,32749
1,137,1,9785
1,137,2,1067
1,137,3,75396
1,137,4,145299
1,137,5,144247
1,137,6,134728
1,137,7,77947
1,137,8,203591
1,137,9,176194
1,137,10,172590
1,137,11,200924
1,137,12,261815
1,137,13,257586
1,137,14,287059
1,137,15,291808
1,138,0,60867
1,138,1,53375
1,138,2,68802
1,138,3,29369
1,138,4,94142
1,138,5,87845
1,138,6,103442
1,138,7,120856
1,138,8,206093
1,138,9,202553
1,138,10,222470
1,138,11,193769
1,138,12,268223
1,138,13,297268
1,138,14,258318
1,138,15,291808
1,139,0,40479
1,139,1,31593
1,139,2,37585
1,139,3,52397
1,139,4,91664
1,139,5,98731
1,139,6,134127
1,139,7,132421
1,139,8,176668
1,139,9,209584
1,139,10,203951
1,139,11,171518
1,139,12,277236
1,139,13,286292
1,139,14,274997
1,139,15,291808
1,140,0,62833
1,140,1,11075
1,140,2,50883
1,140,3,30689
1,140,4,86444
1,140,5,117971
1,140,6,86166
1,140,7,149684
1,140,8,176668
1,140,9,160242
1,140,10,159807
1,140,11,227078
1,140,12,295056
1,140,13,290808
1,140,14,262817
1,140,15,291808
1,141,0,38553
1,141,1,42434
1,141,2,59260
1,141,3,54903
1,141,4,147991
1,141,5,98769
1,141,6,89351
1,141,7,152808
1,141,8,154240
1,141,9,177451
1,141,10,217963
1,141,11,172649
1,141,12,301566
1,141,13,299691
1,141,14,305627
1,141,15,291808
1,142,0,34029
1,142,1,68741
1,142,2,33694
1,142,3,22301
1,142,4,128086
1,142,5,87230
1,142,6,88651
1,142,7,137470
1,142,8,179933
1,142,9,176828
1,142,10,210332
1,142,11,207242
1,142,12,265607
1,142,13,293419
1,142,14,298645
1,142,15,291808
1,143,0,24452
1,143,1,42444
1,143,2,18399
1,143,3,63305
1,143,4,86459
1,143,5,80258
1,143,6,150155
1,143,7,120863
1,143,8,210629
1,143,9,189065
1,143,10,163553
1,143,11,182285
1,143,12,269484
1,143,13,242096
1,143,14,303753
1,143,15,291808
1,144,0,62157
1,144,1,73151
1,144,2,20220
1,144,3,58820
1,144,4,142722
1,144,5,119936
1,144,6,148895
1,144,7,101601
1,144,8,193985
1,144,9,220479
1,144,10,212285
1,144,11,214249
1,144,12,275972
1,144,13,261955
1,144,14,264002
1,144,15,291808
1,145,0,46235
1,145,1,68115
1,145,2,52291
1,145,3,69645
1,145,4,121093
1,145,5,117284
1,145,6,114375
1,145,7,112507
1,145,8,198485
1,145,9,205040
1,145,10,177747
1,145,11,214916
1,145,12,258605
1,145,13,295985
1,145,14,271708
1,145,15,291808
0,146,0,0
1,147,0,12909
1,147,1,66745
1,147,2,33680
1,147,3,2507
1,147,4,89639
1,147,5,130167
1,147,6,141854
1,147,7,153553
1,147,8,167784
1,147,9,217859
1,147,10,216742
1,147,11,209245
1,147,12,254130
1,147,13,294063
1,147,14,243007
1,147,15,291808
1,148,0,57635
1,148,1,38646
1,148,2,40137
1,148,3,60107
1,148,4,95441
1,148,5,123685
1,148,6,130920
1,148,7,136921
1,148,8,203541
1,148,9,227373
1,148,10,177013
1,148,11,161137
1,148,12,302775
1,148,13,269109
1,148,14,244836
1,148,15,291808
1,149,0,66692
1,149,1,13015
1,149,2,21517
1,149,3,74732
1,149,4,131907
1,149,5,107131
1,149,6,153342
1,149,7,78580
1,149,8,173451
1,149,9,187706
1,149,10,175092
1,149,11,200181
1,149,12,231807
1,149,13,230629
1,149,14,237835
1,149,15,291808
1,150,0,48797
1,150,1,27685
1,150,2,56729
1,150,3,50453
1,150,4,147347
1,150,5,152541
1,150,6,107968
1,150,7,94605
1,150,8,217011
1,150,9,184550
1,150,10,227550
1,150,11,168241
1,150,12,257943
1,150,13,234541
1,150,14,256378
1,150,15,291808
1,151,0,48658
1,151,1,19406
1,151,2,17006
1,151,3,48494
1,151,4,103726
1,151,5,123073
1,151,6,98977
1,151,7,79223
1,151,8,186934
1,151,9,206959
1,151,10,157838
1,151,11,209167
1,151,12,265069
1,151,13,300459
1,151,14,306395
1,151,15,291808
1,152,0,55125
1,152,1,33455
1,152,2,75902
1,152,3,39607
1,152,4,134478
1,152,5,132655
1,152,6,94447
1,152,7,122745
1,152,8,216379
1,152,9,217807
1,152,10,197460
1,152,11,172714
1,152,12,281759
1,152,13,264559
1,152,14,300555
1,152,15,291808
1,153,0,12207
1,153,1,7263
1,153,2,75842
1,153,3,53613
1,153,4,111495
1,153,5,84147
1,153,6,97029
1,153,7,78683
1,153,8,197849
1,153,9,226817
1,153,10,194251
1,153,11,218175
1,153,12,256101
1,153,13,304226
1,153,14,235287
1,153,15,291808
1,154,0,38411
1,154,1,30240
1,154,2,66895
1,154,3,69645
1,154,4,140825
1,154,5,146814
1,154,6,129048
1,154,7,86947
1,154,8,195951
1,154,9,190965
1,154,10,192456
1,154,11,206621
1,154,12,250360
1,154,13,243401
1,154,14,253823
1,154,15,291808
1,155,0,23131
1,155,1,4651
1,155,2,45121
1,155,3,11417
1,155,4,135824
1,155,5,101341
1,155,6,150815
1,155,7,83055
1,155,8,183706
1,155,9,227474
1,155,10,208329
1,155,11,206571
1,155,12,294543
1,155,13,299695
1,155,14,284521
1,155,15,291808
1,156,0,17307
1,156,1,57761
1,156,2,72141
1,156,3,74137
1,156,4,123590
1,156,5,100102
1,156,6,79171
1,156,7,147696
1,156,8,218345
1,156,9,189607
1,156,10,212821
1,156,11,184823
1,156,12,245198
1,156,13,260027
1,156,14,283252
1,156,15,291808
1,157,0,51913
1,157,1,35503
1,157,2,19617
1,157,3,12752
1,157,4,92916
1,157,5,84733
1,157,6,101472
1,157,7,118394
1,157,8,185066
1,157,9,191557
1,157,10,202029
1,157,11,205299
1,157,12,233605
1,157,13,279972
1,157,14,263364
1,157,15,291808
1,158,0,39832
1,158,1,34199
1,158,2,44626
1,158,3,63941
1,158,4,121017
1,158,5,135238
1,158,6,112335
1,158,7,79891
1,158,8,181873
1,158,9,168532
1,158,10,196293
1,158,11,158618
1,158,12,302783
1,158,13,233865
1,158,14,244296
1,158,15,291808
1,159,0,60879
1,159,1,27711
1,159,2,3018
1,159,3,22336
1,159,4,145382
1,159,5,119249
1,159,6,113695
1,159,7,104168
1,159,8,177998
1,159,9,226737
1,159,10,225603
1,159,11,211690
1,159,12,291923
1,159,13,254949
1,159,14,287079
1,159,15,291808
1,160,0,30145
1,160,1,68696
1,160,2,69550
1,160,3,19681
1,160,4,95384
1,160,5,99463
1,160,6,89367
1,160,7,106135
1,160,8,188901
1,160,9,180771
1,160,10,172541
1,160,11,198959
1,160,12,289361
1,160,13,263282
1,160,14,272342
1,160,15,291808
1,161,0,32757
1,161,1,68682
1,161,2,75289
1,161,3,72269
1,161,4,83230
1,161,5,101298
1,161,6,78486
1,161,7,150259
1,161,8,172895
1,161,9,185181
1,161,10,162961
1,161,11,175895
1,161,12,245914
1,161,13,235140
1,161,14,231386
1,161,15,291808
1,162,0,66027
1,162,1,75078
1,162,2,50308
1,162,3,65187
1,162,4,80698
1,162,5,89233
1,162,6,79737
1,162,7,78032
1,162,8,220209
1,162,9,194745
1,162,10,213587
1,162,11,202737
1,162,12,287474
1,162,13,301611
1,162,14,241069
1,162,15,291808
1,163,0,25015
1,163,1,56491
1,163,2,61795
1,163,3,15226
1,163,4,102461
1,163,5,117928
1,163,6,97754
1,163,7,116381
1,163,8,205576
1,163,9,186401
1,163,10,191730
1,163,11,185579
1,163,12,288734
1,163,13,274788
1,163,14,284569
1,163,15,291808
1,164,0,51932
1,164,1,52714
1,164,2,4827
1,164,3,19813
1,164,4,144717
1,164,5,117372
1,164,6,129651
1,164,7,88854
1,164,8,208770
1,164,9,229309
1,164,10,224409
1,164,11,187418
1,164,12,260604
1,164,13,293343
1,164,14,237871
1,164,15,291808
1,165,0,33339
1,165,1,20143
1,165,2,13196
1,165,3,12680
1,165,4,85891
1,165,5,149935
1,165,6,151437
1,165,7,109921
1,165,8,170355
1,165,9,213940
1,165,10,182871
1,165,11,226440
1,165,12,270785
1,165,13,276697
1,165,14,269827
1,165,15,291808
1,166,0,49982
1,166,1,20708
1,166,2,63199
1,166,3,59361
1,166,4,103705
1,166,5,91813
1,166,6,112376
1,166,7,100331
1,166,8,204948
1,166,9,228150
1,166,10,216048
1,166,11,209777
1,166,12,251605
1,166,13,297210
1,166,14,244174
1,166,15,291808
1,167,0,25697
1,167,1,64847
1,167,2,71404
1,167,3,64493
1,167,4,136330
1,167,5,121777
1,167,6,104045
1,167,7,125338
1,167,8,216457
1,167,9,178739
1,167,10,197493
1,167,11,218795
1,167,12,248440
1,167,13,236361
1,167,14,264773
1,167,15,291808
1,168,0,34579
1,168,1,61095
1,168,2,52806
1,168,3,9560
1,168,4,101241
1,168,5,125655
1,168,6,111174
1,168,7,131169
1,168,8,176707
1,168,9,186449
1,168,10,164220
1,168,11,210429
1,168,12,254739
1,168,13,303585
1,168,14,294150
1,168,15,291808
1,169,0,30159
1,169,1,11174
1,169,2,6821
1,169,3,42741
1,169,4,106900
1,169,5,96883
1,169,6,97022
1,169,7,143903
1,169,8,172317
1,169,9,160172
1,169,10,220601
1,169,11,211061
1,169,12,241997
1,169,13,301024
1,169,14,233987
1,169,15,291808
1,170,0,11589
1,170,1,24555
1,170,2,50318
1,170,3,34442
1,170,4,96708
1,170,5,77048
1,170,6,113667
1,170,7,101748
1,170,8,177310
1,170,9,162765
1,170,10,182771
1,170,11,230369
1,170,12,286875
1,170,13,252974
1,170,14,293464
1,170,15,291808
1,171,0,14721
1,171,1,22561
1,171,2,24047
1,171,3,27403
1,171,4,151110
1,171,5,135974
1,171,6,84874
1,171,7,140091
1,171,8,158221
1,171,9,226088
1,171,10,179669
1,171,11,172749
1,171,12,275905
1,171,13,286243
1,171,14,284545
1,171,15,291808
1,172,0,32014
1,172,1,21321
1,172,2,40651
1,172,3,9558
1,172,4,85245
1,172,5,94252
1,172,6,122683
1,172,7,125361
1,172,8,215101
1,172,9,203753
1,172,10,159829
1,172,11,160483
1,172,12,251553
1,172,13,274724
1,172,14,269767
1,172,15,291808
1,173,0,14751
1,173,1,16957
1,173,2,6768
1,173,3,42797
1,173,4,80668
1,173,5,103856
1,173,6,81013
1,173,7,103555
1,173,8,211301
1,173,9,201771
1,173,10,207122
1,173,11,216251
1,173,12,290696
1,173,13,274761
1,173,14,257715
1,173,15,291808
1,174,0,64140
1,174,1,14270
1,174,2,40055
1,174,3,75516
1,174,4,93569
1,174,5,89882
1,174,6,141804
1,174,7,79880
1,174,8,200323
1,174,9,228032
1,174,10,168053
1,174,11,206661
1,174,12,246412
1,174,13,230562
1,174,14,287055
1,174,15,291808
1,175,0,61513
1,175,1,56607
1,175,2,41948
1,175,3,72916
1,175,4,128068
1,175,5,80169
1,175,6,148937
1,175,7,107375
1,175,8,157468
1,175,9,153768
1,175,10,173831
1,175,11,195163
1,175,12,294473
1,175,13,254281
1,175,14,239766
1,175,15,291808
1,176,0,20567
1,176,1,30991
1,176,2,47832
1,176,3,59428
1,176,4,153003
1,176,5,131384
1,176,6,79828
1,176,7,152265
1,176,8,153643
1,176,9,208319
1,176,10,182750
1,176,11,167619
1,176,12,264397
1,176,13,292775
1,176,14,244301
1,176,15,291808
1,177,0,21182
1,177,1,3433
1,177,2,29167
1,177,3,38294
1,177,4,132570
1,177,5,123075
1,177,6,122647
1,177,7,150351
1,177,8,227928
1,177,9,198033
1,177,10,196932
1,177,11,163112
1,177,12,235597
1,177,13,253719
1,177,14,271793
1,177,15,291808
1,178,0,3985
1,178,1,32805
1,178,2,8055
1,178,3,51750
1,178,4,90937
1,178,5,148074
1,178,6,84179
1,178,7,150963
1,178,8,178011
1,178,9,176822
1,178,10,214823
1,178,11,178412
1,178,12,260612
1,178,13,303664
1,178,14,265972
1,178,15,291808
1,179,0,48071
1,179,1,61089
1,179,2,8661
1,179,3,53685
1,179,4,117138
1,179,5,104511
1,179,6,142536
1,179,7,85609
1,179,8,164619
1,179,9,177450
1,179,10,170600
1,179,11,186235
1,179,12,277821
1,179,13,241481
1,179,14,246857
1,179,15,291808
1,180,0,12227
1,180,1,41173
1,180,2,59239
1,180,3,42869
1,180,4,128101
1,180,5,138457
1,180,6,90018
1,180,7,111936
1,180,8,227247
1,180,9,180074
1,180,10,157800
1,180,11,221378
1,180,12,293843
1,180,13,295853
1,180,14,257604
1,180,15,291808
1,181,0,62834
1,181,1,29632
1,181,2,68195
1,181,3,30653
1,181,4,152352
1,181,5,80916
1,181,6,114907
1,181,7,83801
1,181,8,164618
1,181,9,174965
1,181,10,211577
1,181,11,211744
1,181,12,231704
1,181,13,281811
1,181,14,296667
1,181,15,291808
1,182,0,69278
1,182,1,18727
1,182,2,72093
1,182,3,9551
1,182,4,84523
1,182,5,113489
1,182,6,128377
1,182,7,82492
1,182,8,167111
1,182,9,201917
1,182,10,202565
1,182,11,200250
1,182,12,258063
1,182,13,264584
1,182,14,267339
1,182,15,291808
1,183,0,61495
1,183,1,41803
1,183,2,69583
1,183,3,68368
1,183,4,87061
1,183,5,115381
1,183,6,129068
1,183,7,89476
1,183,8,185024
1,183,9,194141
1,183,10,194347
1,183,11,220019
1,183,12,274714
1,183,13,238963
1,183,14,233280
1,183,15,291808
1,184,0,16643
1,184,1,41913
1,184,2,48992
1,184,3,45954
1,184,4,119825
1,184,5,100109
1,184,6,143122
1,184,7,81899
1,184,8,202355
1,184,9,205651
1,184,10,209622
1,184,11,191896
1,184,12,238810
1,184,13,253625
1,184,14,269167
1,184,15,291808
1,185,0,35207
1,185,1,4730
1,185,2,16415
1,185,3,47241
1,185,4,123590
1,185,5,91095
1,185,6,118831
1,185,7,81135
1,185,8,178598
1,185,9,220415
1,185,10,201958
1,185,11,157951
1,185,12,270788
1,185,13,274145
1,185,14,302526
1,185,15,291808
1,186,0,43536
1,186,1,73852
1,186,2,35657
1,186,3,20345
1,186,4,121680
1,186,5,130761
1,186,6,95181
1,186,7,142587
1,186,8,158164
1,186,9,182621
1,186,10,192424
1,186,11,218849
1,186,12,263749
1,186,13,290211
1,186,14,267314
1,186,15,291808
1,187,0,66011
1,187,1,40564
1,187,2,32424
1,187,3,38982
1,187,4,148566
1,187,5,108443
1,187,6,113081
1,187,7,85659
1,187,8,178581
1,187,9,226183
1,187,10,222453
1,187,11,191893
1,187,12,242602
1,187,13,271038
1,187,14,274251
1,187,15,291808
1,188,0,58360
1,188,1,30921
1,188,2,58060
1,188,3,19095
1,188,4,105016
1,188,5,151200
1,188,6,83560
1,188,7,83734
1,188,8,222099
1,188,9,188416
1,188,10,197488
1,188,11,167553
1,188,12,267537
1,188,13,288879
1,188,14,266063
1,188,15,291808
1,189,0,44311
1,189,1,75059
1,189,2,44517
1,189,3,47901
1,189,4,129321
1,189,5,87239
1,189,6,132210
1,189,7,100454
1,189,8,190138
1,189,9,214586
1,189,10,215419
1,189,11,211055
1,189,12,294443
1,189,13,246644
1,189,14,295473
1,189,15,291808
1,190,0,53854
1,190,1,11705
1,190,2,56677
1,190,3,69031
1,190,4,104399
1,190,5,109687
1,190,6,105381
1,190,7,77395
1,190,8,193365
1,190,9,228769
1,190,10,179668
1,190,11,164970
1,190,12,230507
1,190,13,248568
1,190,14,237225
1,190,15,291808
1,191,0,31507
1,191,1,11827
1,191,2,43283
1,191,3,74126
1,191,4,113994
1,191,5,121859
1,191,6,127794
1,191,7,96507
1,191,8,170935
1,191,9,221015
1,191,10,189879
1,191,11,168891
1,191,12,289303
1,191,13,243465
1,191,14,260300
1,191,15,291808
1,192,0,73
1,192,1,58407
1,192,2,17119
1,192,3,51099
1,192,4,102418
1,192,5,81541
1,192,6,77139
1,192,7,88917
1,192,8,166493
1,192,9,198655
1,192,10,189820
1,192,11,154197
1,192,12,265758
1,192,13,290228
1,192,14,262752
1,192,15,291808
1,193,0,42380
1,193,1,41166
1,193,2,62467
1,193,3,14580
1,193,4,102487
1,193,5,100747
1,193,6,100276
1,193,7,97257
1,193,8,159461
1,193,9,160918
1,193,10,175161
1,193,11,209121
1,193,12,256136
1,193,13,274133
1,193,14,236505
1,193,15,291808
1,194,0,39172
1,194,1,75776
1,194,2,3532
1,194,3,37601
1,194,4,115960
1,194,5,119327
1,194,6,93809
1,194,7,78002
1,194,8,155620
1,194,9,196783
1,194,10,189881
1,194,11,211186
1,194,12,248345
1,194,13,243380
1,194,14,253227
1,194,15,291808
1,195,0,69241
1,195,1,39202
1,195,2,42032
1,195,3,46560
1,195,4,107625
1,195,5,102633
1,195,6,145704
1,195,7,85741
1,195,8,171611
1,195,9,213390
1,195,10,176337
1,195,11,179719
1,195,12,243859
1,195,13,288813
1,195,14,306892
1,195,15,291808
1,196,0,73101
1,196,1,22663
1,196,2,42046
1,196,3,31844
1,196,4,95505
1,196,5,140419
1,196,6,145702
1,196,7,88881
1,196,8,215127
1,196,9,160301
1,196,10,162380
1,196,11,188083
1,196,12,237564
1,196,13,266542
1,196,14,236578
1,196,15,291808
1,197,0,13599
1,197,1,61115
1,197,2,11223
1,197,3,71667
1,197,4,131285
1,197,5,149349
1,197,6,130976
1,197,7,90133
1,197,8,211908
1,197,9,166039
1,197,10,210338
1,197,11,166340
1,197,12,269599
1,197,13,278691
1,197,14,286441
1,197,15,291808
1,198,0,74371
1,198,1,2741
1,198,2,30558
1,198,3,21023
1,198,4,76869
1,198,5,103250
1,198,6,89415
1,198,7,136853
1,198,8,170902
1,198,9,190948
1,198,10,195672
1,198,11,161832
1,198,12,263148
1,198,13,279311
1,198,14,278093
1,198,15,291808
1,199,0,47424
1,199,1,36780
1,199,2,31785
1,199,3,20442
1,199,4,95493
1,199,5,105802
1,199,6,78427
1,199,7,143898
1,199,8,197901
1,199,9,180149
1,199,10,207119
1,199,11,218831
1,199,12,284255
1,199,13,273491
1,199,14,278809
1,199,15,291808
1,200,0,25635
1,200,1,50166
1,200,2,50959
1,200,3,40182
1,200,4,82047
1,200,5,81504
1,200,6,100874
1,200,7,130436
1,200,8,187657
1,200,9,177445
1,200,10,227527
1,200,11,174061
1,200,12,257436
1,200,13,240892
1,200,14,235863
1,200,15,291808
1,201,0,64020
1,201,1,41893
1,201,2,14482
1,201,3,55642
1,201,4,152402
1,201,5,77053
1,201,6,134169
1,201,7,93923
1,201,8,179227
1,201,9,197355
1,201,10,199416
1,201,11,188688
1,201,12,231199
1,201,13,295250
1,201,14,276928
1,201,15,291808
1,202,0,69237
1,202,1,30927
1,202,2,61260
1,202,3,70927
1,202,4,89719
1,202,5,116663
1,202,6,78487
1,202,7,116449
1,202,8,187035
1,202,9,210129
1,202,10,211673
1,202,11,168919
1,202,12,250910
1,202,13,235685
1,202,14,262228
1,202,15,291808
1,203,0,31496
1,203,1,70708
1,203,2,4813
1,203,3,8211
1,203,4,121647
1,203,5,137122
1,203,6,115021
1,203,7,142615
1,203,8,173478
1,203,9,199845
1,203,10,187894
1,203,11,204064
1,203,12,231144
1,203,13,295353
1,203,14,232717
1,203,15,291808
1,204,0,14098
1,204,1,8587
1,204,2,5541
1,204,3,66495
1,204,4,90359
1,204,5,91113
1,204,6,79041
1,204,7,129225
1,204,8,200372
1,204,9,211491
1,204,10,184070
1,204,11,191968
1,204,12,267663
1,204,13,251156
1,204,14,260893
1,204,15,291808
1,205,0,11615
1,205,1,7959
1,205,2,63099
1,205,3,58156
1,205,4,98640
1,205,5,143648
1,205,6,118125
1,205,7,153483
1,205,8,204259
1,205,9,154431
1,205,10,161753
1,205,11,200195
1,205,12,250917
1,205,13,233194
1,205,14,244233
1,205,15,291808
1,206,0,25709
1,206,1,10443
1,206,2,27232
1,206,3,20994
1,206,4,92261
1,206,5,105905
1,206,6,145000
1,206,7,84323
1,206,8,224707
1,206,9,210774
1,206,10,165478
1,206,11,207227
1,206,12,240026
1,206,13,288283
1,206,14,270487
1,206,15,291808
1,207,0,29553
1,207,1,30323
1,207,2,49719
1,207,3,49235
1,207,4,87166
1,207,5,112810
1,207,6,134209
1,207,7,85081
1,207,8,228601
1,207,9,175577
1,207,10,175171
1,207,11,197748
1,207,12,242041
1,207,13,253049
1,207,14,230783
1,207,15,291808
1,208,0,7161
1,208,1,73206
1,208,2,1617
1,208,3,76678
1,208,4,134478
1,208,5,107122
1,208,6,143737
1,208,7,111863
1,208,8,207395
1,208,9,194085
1,208,10,178881
1,208,11,211814
1,208,12,287519
1,208,13,270353
1,208,14,251939
1,208,15,291808
1,209,0,67949
1,209,1,49495
1,209,2,45801
1,209,3,71537
1,209,4,97968
1,209,5,87877
1,209,6,98293
1,209,7,86939
1,209,8,217012
1,209,9,192217
1,209,10,169319
1,209,11,198881
1,209,12,248355
1,209,13,269667
1,209,14,246836
1,209,15,291808
1,210,0,51273
1,210,1,63587
1,210,2,59245
1,210,3,35159
1,210,4,114075
1,210,5,87293
1,210,6,100268
1,210,7,82525
1,210,8,190820
1,210,9,201876
1,210,10,180840
1,210,11,185518
1,210,12,245131
1,210,13,283699
1,210,14,257001
1,210,15,291808
1,211,0,42279
1,211,1,27699
1,211,2,26606
1,211,3,16526
1,211,4,87726
1,211,5,119317
1,211,6,89957
1,211,7,111984
1,211,8,199787
1,211,9,220352
1,211,10,162948
1,211,11,189326
1,211,12,296412
1,211,13,238313
1,211,14,303077
1,211,15,291808
1,212,0,74921
1,212,1,73802
1,212,2,41926
1,212,3,12649
1,212,4,100576
1,212,5,81520
1,212,6,86755
1,212,7,99803
1,212,8,180625
1,212,9,184579
1,212,10,171311
1,212,11,188041
1,212,12,268287
1,212,13,240166
1,212,14,240463
1,212,15,291808
1,213,0,45518
1,213,1,21306
1,213,2,24139
1,213,3,74102
1,213,4,153053
1,213,5,149943
1,213,6,120725
1,213,7,86387
1,213,8,227918
1,213,9,169917
1,213,10,169358
1,213,11,210454
1,213,12,258633
1,213,13,267115
1,213,14,292830
1,213,15,291808
1,214,0,8351
1,214,1,13624
1,214,2,26564
1,214,3,20973
1,214,4,139618
1,214,5,103261
1,214,6,86149
1,214,7,133601
1,214,8,202961
1,214,9,212055
1,214,10,170701
1,214,11,223895
1,214,12,271513
1,214,13,266464
1,214,14,260884
1,214,15,291808
1,215,0,47440
1,215,1,61092
1,215,2,1729
1,215,3,67747
1,215,4,108845
1,215,5,77079
1,215,6,97614
1,215,7,97224
1,215,8,177289
1,215,9,220961
1,215,10,221183
1,215,11,197640
1,215,12,305356
1,215,13,288909
1,215,14,295409
1,215,15,291808
1,216,0,30205
1,216,1,40589
1,216,2,10607
1,216,3,9562
1,216,4,122981
1,216,5,91830
1,216,6,96388
1,216,7,86251
1,216,8,220915
1,216,9,221678
1,216,10,186572
1,216,11,190622
1,216,12,279730
1,216,13,246047
1,216,14,287081
1,216,15,291808
1,217,0,8475
1,217,1,53285
1,217,2,16367
1,217,3,76104
1,217,4,140949
1,217,5,144216
1,217,6,126529
1,217,7,127303
1,217,8,166540
1,217,9,215882
1,217,10,194953
1,217,11,166887
1,217,12,283651
1,217,13,262593
1,217,14,233963
1,217,15,291808
1,218,0,50704
1,218,1,54032
1,218,2,42640
1,218,3,37035
1,218,4,95489
1,218,5,144845
1,218,6,120718
1,218,7,152840
1,218,8,156914
1,218,9,229361
1,218,10,163544
1,218,11,177907
1,218,12,279174
1,218,13,301103
1,218,14,267903
1,218,15,291808
1,219,0,46155
1,219,1,45670
1,219,2,20894
1,219,3,50486
1,219,4,148605
1,219,5,139193
1,219,6,136667
1,219,7,91365
1,219,8,182471
1,219,9,194750
1,219,10,217321
1,219,11,184253
1,219,12,240124
1,219,13,306110
1,219,14,269893
1,219,15,291808
1,220,0,58931
1,220,1,18108
1,220,2,75217
1,220,3,42753
1,220,4,83289
1,220,5,84764
1,220,6,150214
1,220,7,108125
1,220,8,178076
1,220,9,173092
1,220,10,229598
1,220,11,187411
1,220,12,250313
1,220,13,265204
1,220,14,258297
1,220,15,291808
1,221,0,37863
1,221,1,44371
1,221,2,65119
1,221,3,32529
1,221,4,115234
1,221,5,114769
1,221,6,90567
1,221,7,149616
1,221,8,204922
1,221,9,228126
1,221,10,193719
1,221,11,216220
1,221,12,236813
1,221,13,297153
1,221,14,259034
1,221,15,291808
1,222,0,66703
1,222,1,68732
1,222,2,25424
1,222,3,55526
1,222,4,99899
1,222,5,119212
1,222,6,142454
1,222,7,136841
1,222,8,218369
1,222,9,227449
1,222,10,160371
1,222,11,227808
1,222,12,237492
1,222,13,295315
1,222,14,291602
1,222,15,291808
1,223,0,64141
1,223,1,62298
1,223,2,66297
1,223,3,36470
1,223,4,122925
1,223,5,137873
1,223,6,82954
1,223,7,97120
1,223,8,197895
1,223,9,160875
1,223,10,187897
1,223,11,172665
1,223,12,232975
1,223,13,293374
1,223,14,262872
1,223,15,291808
1,224,0,41031
1,224,1,62249
1,224,2,43940
1,224,3,22258
1,224,4,101885
1,224,5,126360
1,224,6,88667
1,224,7,77929
1,224,8,180534
1,224,9,211519
1,224,10,211520
1,224,11,205367
1,224,12,272754
1,224,13,256870
1,224,14,274376
1,224,15,291808
1,225,0,28291
1,225,1,46242
1,225,2,54725
1,225,3,49194
1,225,4,105727
1,225,5,150699
1,225,6,132880
1,225,7,87576
1,225,8,186942
1,225,9,201846
1,225,10,197524
1,225,11,210490
1,225,12,304033
1,225,13,303020
1,225,14,274916
1,225,15,291808
1,226,0,70524
1,226,1,45651
1,226,2,49749
1,226,3,36963
1,226,4,151825
1,226,5,105817
1,226,6,77881
1,226,7,85623
1,226,8,215688
1,226,9,170409
1,226,10,230149
1,226,11,174601
1,226,12,250991
1,226,13,304277
1,226,14,248002
1,226,15,291808
1,227,0,45493
1,227,1,6635
1,227,2,76500
1,227,3,41545
1,227,4,152357
1,227,5,99388
1,227,6,78467
1,227,7,132374
1,227,8,163216
1,227,9,222918
1,227,10,225026
1,227,11,218733
1,227,12,277830
1,227,13,291371
1,227,14,271703
1,227,15,291808
1,228,0,25735
1,228,1,1584
1,228,2,72047
1,228,3,31855
1,228,4,94760
1,228,5,142253
1,228,6,140549
1,228,7,116441
1,228,8,210714
1,228,9,205628
1,228,10,198101
1,228,11,159321
1,228,12,260579
1,228,13,293371
1,228,14,299993
1,228,15,291808
1,229,0,4573
1,229,1,48191
1,229,2,73331
1,229,3,72885
1,229,4,89105
1,229,5,121123
1,229,6,100851
1,229,7,145911
1,229,8,211992
1,229,9,189055
1,229,10,156517
1,229,11,154807
1,229,12,302157
1,229,13,232631
1,229,14,257671
1,229,15,291808
1,230,0,51348
1,230,1,52113
1,230,2,66321
1,230,3,10751
1,230,4,117189
1,230,5,108355
1,230,6,138710
1,230,7,92013
1,230,8,216369
1,230,9,201137
1,230,10,221819
1,230,11,225223
1,230,12,241283
1,230,13,302961
1,230,14,254542
1,230,15,291808
1,231,0,87
1,231,1,76409
1,231,2,43300
1,231,3,50411
1,231,4,99308
1,231,5,127595
1,231,6,100301
1,231,7,104282
1,231,8,213171
1,231,9,214709
1,231,10,196207
1,231,11,160503
1,231,12,284187
1,231,13,241515
1,231,14,246103
1,231,15,291808
1,232,0,58293
1,232,1,72631
1,232,2,45899
1,232,3,3745
1,232,4,137100
1,232,5,101391
1,232,6,111829
1,232,7,88307
1,232,8,167769
1,232,9,221682
1,232,10,173760
1,232,11,170821
1,232,12,263689
1,232,13,261293
1,232,14,286443
1,232,15,291808
1,233,0,57117
1,233,1,41783
1,233,2,15187
1,233,3,34404
1,233,4,130641
1,233,5,104521
1,233,6,145650
1,233,7,97832
1,233,8,176016
1,233,9,185148
1,233,10,228216
1,233,11,160593
1,233,12,283611
1,233,13,304918
1,233,14,283207
1,233,15,291808
1,234,0,44223
1,234,1,74527
1,234,2,33005
1,234,3,62578
1,234,4,121745
1,234,5,96884
1,234,6,141275
1,234,7,150971
1,234,8,228630
1,234,9,156467
1,234,10,154650
1,234,11,216197
1,234,12,238119
1,234,13,234470
1,234,14,290888
1,234,15,291808
1,235,0,53196
1,235,1,54648
1,235,2,38083
1,235,3,32545
1,235,4,131286
1,235,5,119277
1,235,6,120138
1,235,7,98508
1,235,8,226017
1,235,9,223521
1,235,10,182873
1,235,11,179125
1,235,12,270785
1,235,13,247859
1,235,14,238413
1,235,15,291808
1,236,0,64101
1,236,1,15035
1,236,2,69480
1,236,3,32501
1,236,4,118510
1,236,5,78999
1,236,6,80330
1,236,7,115761
1,236,8,202266
1,236,9,193516
1,236,10,221837
1,236,11,183581
1,236,12,233053
1,236,13,288800
1,236,14,242931
1,236,15,291808
1,237,0,18670
1,237,1,48889
1,237,2,56708
1,237,3,54899
1,237,4,129352
1,237,5,89211
1,237,6,114345
1,237,7,105529
1,237,8,189460
1,237,9,197949
1,237,10,230084
1,237,11,172727
1,237,12,251651
1,237,13,292649
1,237,14,237159
1,237,15,291808
1,238,0,22465
1,238,1,34085
1,238,2,6105
1,238,3,23579
1,238,4,113369
1,238,5,132055
1,238,6,111783
1,238,7,83043
1,238,8,171641
1,238,9,194730
1,238,10,230118
1,238,11,180410
1,238,12,296979
1,238,13,292036
1,238,14,283982
1,238,15,291808
1,239,0,48748
1,239,1,42517
1,239,2,34977
1,239,3,31263
1,239,4,85121
1,239,5,80238
1,239,6,119380
1,239,7,89536
1,239,8,228586
1,239,9,154430
1,239,10,204557
1,239,11,192542
1,239,12,300954
1,239,13,291444
1,239,14,268483
1,239,15,291808
1,240,0,12313
1,240,1,33523
1,240,2,44631
1,240,3,51812
1,240,4,94107
1,240,5,93037
1,240,6,105284
1,240,7,136863
1,240,8,192745
1,240,9,217162
1,240,10,221239
1,240,11,209825
1,240,12,292589
1,240,13,231962
1,240,14,277585
1,240,15,291808
1,241,0,52566
1,241,1,63545
1,241,2,53485
1,241,3,74137
1,241,4,137753
1,241,5,121193
1,241,6,141801
1,241,7,117687
1,241,8,226699
1,241,9,194743
1,241,10,205233
1,241,11,218139
1,241,12,236834
1,241,13,244116
1,241,14,239070
1,241,15,291808
1,242,0,37814
1,242,1,66154
1,242,2,63718
1,242,3,32497
1,242,4,142817
1,242,5,106455
1,242,6,144408
1,242,7,98532
1,242,8,158119
1,242,9,192845
1,242,10,220610
1,242,11,179128
1,242,12,279186
1,242,13,297146
1,242,14,306289
1,242,15,291808
1,243,0,28232
1,243,1,813
1,243,2,11902
1,243,3,37035
1,243,4,103691
1,243,5,135230
1,243,6,115533
1,243,7,87005
1,243,8,166559
1,243,9,215241
1,243,10,225063
1,243,11,190571
1,243,12,243307
1,243,13,270378
1,243,14,237760
1,243,15,291808
1,244,0,42245
1,244,1,33469
1,244,2,13789
1,244,3,30575
1,244,4,129997
1,244,5,133352
1,244,6,141777
1,244,7,139400
1,244,8,171567
1,244,9,191599
1,244,10,223794
1,244,11,173960
1,244,12,297698
1,244,13,277357
1,244,14,280131
1,244,15,291808
1,245,0,71152
1,245,1,39259
1,245,2,8022
1,245,3,69069
1,245,4,132516
1,245,5,139186
1,245,6,81001
1,245,7,145225
1,245,8,171527
1,245,9,229946
1,245,10,185433
1,245,11,218849
1,245,12,284879
1,245,13,234424
1,245,14,295368
1,245,15,291808
1,246,0,74947
1,246,1,63558
1,246,2,28568
1,246,3,52389
1,246,4,119732
1,246,5,86641
1,246,6,78500
1,246,7,93323
1,246,8,217094
1,246,9,222928
1,246,10,201301
1,246,11,166370
1,246,12,236801
1,246,13,262577
1,246,14,277465
1,246,15,291808
1,247,0,71722
1,247,1,22562
1,247,2,43219
1,247,3,10089
1,247,4,130639
1,247,5,95619
1,247,6,136081
1,247,7,114537
1,247,8,161353
1,247,9,210144
1,247,10,166760
1,247,11,193234
1,247,12,253490
1,247,13,236975
1,247,14,272402
1,247,15,291808
1,248,0,25655
1,248,1,12417
1,248,2,59225
1,248,3,24174
1,248,4,113973
1,248,5,77051
1,248,6,147588
1,248,7,131169
1,248,8,195890
1,248,9,182693
1,248,10,202681
1,248,11,200914
1,248,12,244617
1,248,13,267734
1,248,14,280739
1,248,15,291808
1,249,0,12301
1,249,1,73791
1,249,2,61223
1,249,3,42171
1,249,4,152985
1,249,5,94311
1,249,6,113021
1,249,7,105451
1,249,8,153625
1,249,9,185163
1,249,10,157202
1,249,11,156003
1,249,12,298966
1,249,13,290739
1,249,14,249291
1,249,15,291808
1,250,0,68554
1,250,1,14295
1,250,2,40025
1,250,3,74101
1,250,4,139583
1,250,5,78959
1,250,6,118191
1,250,7,148469
1,250,8,187576
1,250,9,189064
1,250,10,194900
1,250,11,186850
1,250,12,247822
1,250,13,276096
1,250,14,287119
1,250,15,291808
1,251,0,10892
1,251,1,36796
1,251,2,18331
1,251,3,74789
1,251,4,107596
1,251,5,100736
1,251,6,129107
1,251,7,132413
1,251,8,200435
1,251,9,204425
1,251,10,209656
1,251,11,225827
1,251,12,252891
1,251,13,239611
1,251,14,265992
1,251,15,291808
1,252,0,14179
1,252,1,51395
1,252,2,42622
1,252,3,11479
1,252,4,142151
1,252,5,116070
1,252,6,126445
1,252,7,140756
1,252,8,179844
1,252,9,164034
1,252,10,200022
1,252,11,220017
1,252,12,286108
1,252,13,235701
1,252,14,281287
1,252,15,291808
1,253,0,39825
1,253,1,66129
1,253,2,38792
1,253,3,76681
1,253,4,95399
1,253,5,148722
1,253,6,93228
1,253,7,110055
1,253,8,163242
1,253,9,197287
1,253,10,180236
1,253,11,174567
1,253,12,274630
1,253,13,301052
1,253,14,261515
1,253,15,291808
1,254,0,27525
1,254,1,67442
1,254,2,40749
1,254,3,14009
1,254,4,149878
1,254,5,94948
1,254,6,148897
1,254,7,109311
1,254,8,208096
1,254,9,201839
1,254,10,221841
1,254,11,196995
1,254,12,277915
1,254,13,279329
1,254,14,236556
1,254,15,291808
1,255,0,73614
1,255,1,24498
1,255,2,20289
1,255,3,72181
1,255,4,151815
1,255,5,109007
1,255,6,117591
1,255,7,122183
1,255,8,184443
1,255,9,213948
1,255,10,196285
1,255,11,208546
1,255,12,287476
1,255,13,270291
1,255,14,239689
1,255,15,291808
1,256,0,4621
1,256,1,73127
1,256,2,40658
1,256,3,69009
1,256,4,144775
1,256,5,137882
1,256,6,84923
1,256,7,132446
1,256,8,171028
1,256,9,229414
1,256,10,225679
1,256,11,221993
1,256,12,268874
1,256,13,238275
1,256,14,301214
1,256,15,291808
1,257,0,37175
1,257,1,42451
1,257,2,66888
1,257,3,63245
1,257,4,98605
1,257,5,151211
1,257,6,102142
1,257,7,114486
1,257,8,199155
1,257,9,153819
1,257,10,196853
1,257,11,194534
1,257,12,272087
1,257,13,272851
1,257,14,290881
1,257,15,291808
1,258,0,21800
1,258,1,75837
1,258,2,76619
1,258,3,47244
1,258,4,143428
1,258,5,125025
1,258,6,91967
1,258,7,140769
1,258,8,190747
1,258,9,221079
1,258,10,217384
1,258,11,189340
1,258,12,286745
1,258,13,230595
1,258,14,262138
1,258,15,291808
1,259,0,59569
1,259,1,14314
1,259,2,14438
1,259,3,51693
1,259,4,147903
1,259,5,88558
1,259,6,107291
1,259,7,111227
1,259,8,211314
1,259,9,163414
1,259,10,167446
1,259,11,227785
1,259,12,274064
1,259,13,256886
1,259,14,265333
1,259,15,291808
1,260,0,18031
1,260,1,36077
1,260,2,52922
1,260,3,34471
1,260,4,116605
1,260,5,108969
1,260,6,134859
1,260,7,149677
1,260,8,212573
1,260,9,230000
1,260,10,175736
1,260,11,188707
1,260,12,236839
1,260,13,297220
1,260,14,299979
1,260,15,291808
1,261,0,33372
1,261,1,66786
1,261,2,55387
1,261,3,44011
1,261,4,108903
1,261,5,137771
1,261,6,96337
1,261,7,136204
1,261,8,174188
1,261,9,197367
1,261,10,168660
1,261,11,201590
1,261,12,288691
1,261,13,247357
1,261,14,282573
1,261,15,291808
1,262,0,58336
1,262,1,58451
1,262,2,13822
1,262,3,60652
1,262,4,140262
1,262,5,84787
1,262,6,112439
1,262,7,130431
1,262,8,217041
1,262,9,162120
1,262,10,176475
1,262,11,200175
1,262,12,288062
1,262,13,293291
1,262,14,247389
1,262,15,291808
1,263,0,5809
1,263,1,10457
1,263,2,40670
1,263,3,51180
1,263,4,133812
1,263,5,107821
1,263,6,113717
1,263,7,86278
1,263,8,186919
1,263,9,178143
1,263,10,168067
1,263,11,204077
1,263,12,275992
1,263,13,275429
1,263,14,306384
1,263,15,291808
1,264,0,70535
1,264,1,49510
1,264,2,13780
1,264,3,31205
1,264,4,135813
1,264,5,114213
1,264,6,91996
1,264,7,145829
1,264,8,216351
1,264,9,172397
1,264,10,206553
1,264,11,223929
1,264,12,281047
1,264,13,265227
1,264,14,253823
1,264,15,291808
1,265,0,68529
1,265,1,37416
1,265,2,43249
1,265,3,21646
1,265,4,113325
1,265,5,146819
1,265,6,116958
1,265,7,104208
1,265,8,180523
1,265,9,218503
1,265,10,196926
1,265,11,211788
1,265,12,263822
1,265,13,248611
1,265,14,306997
1,265,15,291808
1,266,0,77
1,266,1,48316
1,266,2,8098
1,266,3,15842
1,266,4,139620
1,266,5,136571
1,266,6,107219
1,266,7,133055
1,266,8,206754
1,266,9,156438
1,266,10,201996
1,266,11,215565
1,266,12,256699
1,266,13,261962
1,266,14,297943
1,266,15,291808
1,267,0,44264
1,267,1,29091
1,267,2,62496
1,267,3,69701
1,267,4,152459
1,267,5,144901
1,267,6,101517
1,267,7,133648
1,267,8,199152
1,267,9,206990
1,267,10,164913
1,267,11,202191
1,267,12,280475
1,267,13,268362
1,267,14,267265
1,267,15,291808
1,268,0,46732
1,268,1,17480
1,268,2,57299
1,268,3,37042
1,268,4,109589
1,268,5,104515
1,268,6,150732
1,268,7,115042
1,268,8,161290
1,268,9,194155
1,268,10,177111
1,268,11,209908
1,268,12,301447
1,268,13,256253
1,268,14,249350
1,268,15,291808
1,269,0,43615
1,269,1,66123
1,269,2,73428
1,269,3,31861
1,269,4,103747
1,269,5,150031
1,269,6,111083
1,269,7,136863
1,269,8,204903
1,269,9,191609
1,269,10,187889
1,269,11,157383
1,269,12,254171
1,269,13,253750
1,269,14,237201
1,269,15,291808
1,270,0,12274
1,270,1,46245
1,270,2,75868
1,270,3,11435
1,270,4,149846
1,270,5,105769
1,270,6,153428
1,270,7,141280
1,270,8,192120
1,270,9,165371
1,270,10,201961
1,270,11,217496
1,270,12,269505
1,270,13,233784
1,270,14,274326
1,270,15,291808
1,271,0,45582
1,271,1,28402
1,271,2,31799
1,271,3,15863
1,271,4,111420
1,271,5,111622
1,271,6,93140
1,271,7,89453
1,271,8,200450
1,271,9,191674
1,271,10,205199
1,271,11,185453
1,271,12,278433
1,271,13,260671
1,271,14,293566
1,271,15,291808
1,272,0,23075
1,272,1,66130
1,272,2,64359
1,272,3,26751
1,272,4,108197
1,272,5,114092
1,272,6,105296
1,272,7,106228
1,272,8,215161
1,272,9,166607
1,272,10,191128
1,272,11,220011
1,272,12,253597
1,272,13,300372
1,272,14,302402
1,272,15,291808
1,273,0,44308
1,273,1,66163
1,273,2,58679
1,273,3,68971
1,273,4,140906
1,273,5,107783
1,273,6,137961
1,273,7,96577
1,273,8,217039
1,273,9,181332
1,273,10,190552
1,273,11,179073
1,273,12,241403
1,273,13,288939
1,273,14,257032
1,273,15,291808
1,274,0,50699
1,274,1,57144
1,274,2,33679
1,274,3,59436
1,274,4,98074
1,274,5,82802
1,274,6,124519
1,274,7,111231
1,274,8,217108
1,274,9,187724
1,274,10,200039
1,274,11,209190
1,274,12,251553
1,274,13,276029
1,274,14,287723
1,274,15,291808
1,275,0,58326
1,275,1,69399
1,275,2,74611
1,275,3,65147
1,275,4,147900
1,275,5,96173
1,275,6,130285
1,275,7,80505
1,275,8,181767
1,275,9,220327
1,275,10,212844
1,275,11,220711
1,275,12,300284
1,275,13,231305
1,275,14,283226
1,275,15,291808
1,276,0,52481
1,276,1,32917
1,276,2,54764
1,276,3,49816
1,276,4,80097
1,276,5,107065
1,276,6,127692
1,276,7,142703
1,276,8,162679
1,276,9,173625
1,276,10,189269
1,276,11,175279
1,276,12,275264
1,276,13,259396
1,276,14,253194
1,276,15,291808
1,277,0,28897
1,277,1,10453
1,277,2,65021
1,277,3,74135
1,277,4,115937
1,277,5,117316
1,277,6,135390
1,277,7,104214
1,277,8,155575
1,277,9,158347
1,277,10,167394
1,277,11,209158
1,277,12,232380
1,277,13,274123
1,277,14,280117
1,277,15,291808
1,278,0,41650
1,278,1,29754
1,278,2,65005
1,278,3,75408
1,278,4,99893
1,278,5,142899
1,278,6,107877
1,278,7,150372
1,278,8,196537
1,278,9,191538
1,278,10,222531
1,278,11,227177
1,278,12,256030
1,278,13,261341
1,278,14,281960
1,278,15,291808
1,279,0,57612
1,279,1,20051
1,279,2,6084
1,279,3,10135
1,279,4,135145
1,279,5,87334
1,279,6,135450
1,279,7,143853
1,279,8,198453
1,279,9,207679
1,279,10,195661
1,279,11,190563
1,279,12,234379
1,279,13,258103
1,279,14,285878
1,279,15,291808
1,280,0,18595
1,280,1,25132
1,280,2,24141
1,280,3,17788
1,280,4,86552
1,280,5,149422
1,280,6,104011
1,280,7,143867
1,280,8,201022
1,280,9,171791
1,280,10,214182
1,280,11,207287
1,280,12,264364
1,280,13,231861
1,280,14,239058
1,280,15,291808
1,281,0,26253
1,281,1,76476
1,281,2,50889
1,281,3,36347
1,281,4,89027
1,281,5,99471
1,281,6,106616
1,281,7,118911
1,281,8,179229
1,281,9,163427
1,281,10,228949
1,281,11,220039
1,281,12,257282
1,281,13,262683
1,281,14,258908
1,281,15,291808
1,282,0,48081
1,282,1,12376
1,282,2,54175
1,282,3,45957
1,282,4,130001
1,282,5,121153
1,282,6,116189
1,282,7,83086
1,282,8,177981
1,282,9,153913
1,282,10,191711
1,282,11,180352
1,282,12,239420
1,282,13,265761
1,282,14,279431
1,282,15,291808
1,283,0,63395
1,283,1,61612
1,283,2,52307
1,283,3,30591
1,283,4,124219
1,283,5,119883
1,283,6,141194
1,283,7,124795
1,283,8,225972
1,283,9,223601
1,283,10,212875
1,283,11,173415
1,283,12,297056
1,283,13,273560
1,283,14,247374
1,283,15,291808
1,284,0,49425
1,284,1,23881
1,284,2,36826
1,284,3,20391
1,284,4,135836
1,284,5,79520
1,284,6,141787
1,284,7,129144
1,284,8,229258
1,284,9,195412
1,284,10,196930
1,284,11,191208
1,284,12,252927
1,284,13,297200
1,284,14,244264
1,284,15,291808
1,285,0,12945
1,285,1,41868
1,285,2,54161
1,285,3,52363
1,285,4,122381
1,285,5,89861
1,285,6,126534
1,285,7,120194
1,285,8,190193
1,285,9,203111
1,285,10,170589
1,285,11,195762
1,285,12,273393
1,285,13,277407
1,285,14,284575
1,285,15,291808
1,286,0,27669
1,286,1,18791
1,286,2,34998
1,286,3,58823
1,286,4,78828
1,286,5,139724
1,286,6,113752
1,286,7,130505
1,286,8,220922
1,286,9,212125
1,286,10,160447
1,286,11,179762
1,286,12,251001
1,286,13,292072
1,286,14,295470
1,286,15,291808
1,287,0,12889
1,287,1,41807
1,287,2,70198
1,287,3,60131
1,287,4,83966
1,287,5,77621
1,287,6,109864
1,287,7,83774
1,287,8,186956
1,287,9,202457
1,287,10,217404
1,287,11,220121
1,287,12,237586
1,287,13,295903
1,287,14,233947
1,287,15,291808
1,288,0,59621
1,288,1,28477
1,288,2,45190
1,288,3,11427
1,288,4,124270
1,288,5,140423
1,288,6,117568
1,288,7,148963
1,288,8,188917
1,288,9,206886
1,288,10,202655
1,288,11,211074
1,288,12,245251
1,288,13,235693
1,288,14,250563
1,288,15,291808
1,289,0,41065
1,289,1,20019
1,289,2,4958
1,289,3,55532
1,289,4,114648
1,289,5,77066
1,289,6,98943
1,289,7,139473
1,289,8,180583
1,289,9,178855
1,289,10,210334
1,289,11,165610
1,289,12,280415
1,289,13,268333
1,289,14,264027
1,289,15,291808
1,290,0,72464
1,290,1,43076
1,290,2,18343
1,290,3,42722
1,290,4,150535
1,290,5,104628
1,290,6,98906
1,290,7,146450
1,290,8,199753
1,290,9,201209
1,290,10,189247
1,290,11,168191
1,290,12,279788
1,290,13,231243
1,290,14,293529
1,290,15,291808
1,291,0,33427
1,291,1,65471
1,291,2,59228
1,291,3,59436
1,291,4,153084
1,291,5,116777
1,291,6,138565
1,291,7,129148
1,291,8,195993
1,291,9,213360
1,291,10,168015
1,291,11,167573
1,291,12,262542
1,291,13,243477
1,291,14,246144
1,291,15,291808
1,292,0,16155
1,292,1,31568
1,292,2,64441
1,292,3,46681
1,292,4,119795
1,292,5,93075
1,292,6,136061
1,292,7,85061
1,292,8,181859
1,292,9,204411
1,292,10,208441
1,292,11,202175
1,292,12,300853
1,292,13,298478
1,292,14,268628
1,292,15,291808
1,293,0,21203
1,293,1,20742
1,293,2,5513
1,293,3,70287
1,293,4,137074
1,293,5,119345
1,293,6,91221
1,293,7,121447
1,293,8,222850
1,293,9,222348
1,293,10,182791
1,293,11,226422
1,293,12,276619
1,293,13,276790
1,293,14,251958
1,293,15,291808
1,294,0,62763
1,294,1,28456
1,294,2,31172
1,294,3,44785
1,294,4,121089
1,294,5,90533
1,294,6,147006
1,294,7,111269
1,294,8,158745
1,294,9,181313
1,294,10,162372
1,294,11,200171
1,294,12,264380
1,294,13,261353
1,294,14,287771
1,294,15,291808
1,295,0,49957
1,295,1,51374
1,295,2,1703
1,295,3,56264
1,295,4,122369
1,295,5,117933
1,295,6,135393
1,295,7,149697
1,295,8,168357
1,295,9,164712
1,295,10,228279
1,295,11,219464
1,295,12,232373
1,295,13,298430
1,295,14,248753
1,295,15,291808
1,296,0,38493
1,296,1,6046
1,296,2,56099
1,296,3,74870
1,296,4,100509
1,296,5,89791
1,296,6,150827
1,296,7,140652
1,296,8,224660
1,296,9,179376
1,296,10,164312
1,296,11,230369
1,296,12,254873
1,296,13,295353
1,296,14,256417
1,296,15,291808
1,297,0,39077
1,297,1,26547
1,297,2,68254
1,297,3,71676
1,297,4,127425
1,297,5,116100
1,297,6,140555
1,297,7,153441
1,297,8,208150
1,297,9,217892
1,297,10,210299
1,297,11,158652
1,297,12,235525
1,297,13,246046
1,297,14,300603
1,297,15,291808
1,298,0,37879
1,298,1,50112
1,298,2,10611
1,298,3,62650
1,298,4,76870
1,298,5,127678
1,298,6,107897
1,298,7,127251
1,298,8,213867
1,298,9,192183
1,298,10,176452
1,298,11,200877
1,298,12,253522
1,298,13,255532
1,298,14,283998
1,298,15,291808
1,299,0,35903
1,299,1,18787
1,299,2,17025
1,299,3,63255
1,299,4,117212
1,299,5,78318
1,299,6,111170
1,299,7,97165
1,299,8,170296
1,299,9,173015
1,299,10,184719
1,299,11,218141
1,299,12,279145
1,299,13,235156
1,299,14,260233
1,299,15,291808
1,300,0,58257
1,300,1,26537
1,300,2,74025
1,300,3,50527
1,300,4,105745
1,300,5,113542
1,300,6,130986
1,300,7,101013
1,300,8,180562
1,300,9,210753
1,300,10,195588
1,300,11,202198
1,300,12,266319
1,300,13,297849
1,300,14,290903
1,300,15,291808
