0,0,0,0
0,1,0,0
0,2,0,0
0,3,0,0
1,4,0,39711
1,4,1,16887
1,4,2,41344
1,4,3,63318
1,4,4,94169
1,4,5,146793
1,4,6,129754
1,4,7,92743
1,4,8,218359
1,4,9,224816
1,4,10,223187
1,4,11,213055
1,4,12,243268
1,4,13,281181
1,4,14,299878
1,4,15,291808
0,5,0,0
0,6,0,0
1,7,0,27585
1,7,1,27775
1,7,2,41965
1,7,3,66549
1,7,4,87071
1,7,5,99451
1,7,6,151462
1,7,7,111248
1,7,8,212521
1,7,9,229977
1,7,10,224343
1,7,11,227693
1,7,12,274599
1,7,13,278002
1,7,14,266632
1,7,15,291808
1,8,0,72983
1,8,1,71935
1,8,2,10019
1,8,3,17187
1,8,4,123653
1,8,5,112932
1,8,6,112463
1,8,7,77300
1,8,8,222083
1,8,9,186507
1,8,10,207702
1,8,11,229079
1,8,12,288772
1,8,13,256929
1,8,14,262189
1,8,15,291808
1,9,0,55816
1,9,1,54635
1,9,2,11851
1,9,3,54337
1,9,4,104479
1,9,5,135268
1,9,6,132251
1,9,7,100427
1,9,8,203591
1,9,9,176848
1,9,10,203331
1,9,11,204641
1,9,12,234921
1,9,13,287602
1,9,14,264158
1,9,15,291808
1,10,0,68599
1,10,1,57771
1,10,2,66375
1,10,3,61936
1,10,4,104446
1,10,5,133433
1,10,6,126481
1,10,7,138751
1,10,8,195981
1,10,9,229963
1,10,10,224429
1,10,11,157955
1,10,12,298275
1,10,13,282464
1,10,14,236632
1,10,15,291808
1,11,0,26965
1,11,1,34821
1,11,2,68899
1,11,3,65883
1,11,4,143410
1,11,5,77000
1,11,6,140557
1,11,7,129150
1,11,8,183767
1,11,9,225555
1,11,10,204611
1,11,11,180323
1,11,12,275971
1,11,13,249861
1,11,14,266605
1,11,15,291808
1,12,0,22471
1,12,1,9779
1,12,2,52927
1,12,3,69663
1,12,4,117770
1,12,5,103228
1,12,6,81681
1,12,7,111902
1,12,8,229270
1,12,9,203735
1,12,10,157877
1,12,11,170748
1,12,12,259279
1,12,13,255640
1,12,14,297989
1,12,15,291808
1,13,0,3857
1,13,1,68051
1,13,2,61823
1,13,3,76088
1,13,4,124853
1,13,5,142968
1,13,6,126472
1,13,7,142676
1,13,8,156283
1,13,9,191562
1,13,10,224336
1,13,11,207285
1,13,12,264413
1,13,13,300478
1,13,14,300481
1,13,15,291808
1,14,0,37860
1,14,1,59136
1,14,2,36942
1,14,3,9597
1,14,4,148481
1,14,5,121173
1,14,6,98942
1,14,7,137577
1,14,8,212609
1,14,9,197287
1,14,10,227610
1,14,11,207237
1,14,12,268871
1,14,13,249149
1,14,14,233344
1,14,15,291808
1,15,0,15437
1,15,1,27066
1,15,2,29149
1,15,3,40239
1,15,4,104414
1,15,5,136500
1,15,6,104785
1,15,7,141330
1,15,8,160787
1,15,9,190249
1,15,10,189883
1,15,11,216181
1,15,12,295825
1,15,13,297854
1,15,14,251339
1,15,15,291808
1,16,0,55798
1,16,1,13726
1,16,2,70761
1,16,3,31924
1,16,4,103730
1,16,5,112895
1,16,6,135453
1,16,7,151601
1,16,8,219554
1,16,9,191015
1,16,10,223834
1,16,11,230350
1,16,12,287392
1,16,13,250405
1,16,14,275538
1,16,15,291808
1,17,0,33953
1,17,1,53367
1,17,2,45914
1,17,3,6253
1,17,4,78761
1,17,5,108445
1,17,6,80335
1,17,7,111302
1,17,8,215086
1,17,9,162093
1,17,10,177725
1,17,11,202879
1,17,12,278553
1,17,13,292128
1,17,14,245518
1,17,15,291808
1,18,0,7167
1,18,1,39274
1,18,2,58713
1,18,3,65890
1,18,4,121009
1,18,5,89260
1,18,6,150825
1,18,7,124146
1,18,8,178711
1,18,9,215875
1,18,10,184151
1,18,11,207265
1,18,12,282273
1,18,13,290779
1,18,14,245444
1,18,15,291808
1,19,0,71731
1,19,1,19516
1,19,2,22216
1,19,3,65229
1,19,4,129987
1,19,5,78920
1,19,6,95098
1,19,7,90135
1,19,8,159450
1,19,9,162155
1,19,10,186649
1,19,11,214387
1,19,12,238167
1,19,13,284409
1,19,14,234633
1,19,15,291808
1,20,0,48000
1,20,1,44433
1,20,2,49627
1,20,3,34479
1,20,4,130030
1,20,5,118079
1,20,6,116934
1,20,7,128495
1,20,8,164602
1,20,9,224222
1,20,10,167465
1,20,11,161193
1,20,12,264970
1,20,13,288933
1,20,14,285811
1,20,15,291808
1,21,0,20498
1,21,1,34831
1,21,2,2380
1,21,3,6999
1,21,4,98019
1,21,5,121766
1,21,6,93895
1,21,7,140043
1,21,8,229223
1,21,9,219812
1,21,10,196913
1,21,11,189371
1,21,12,231144
1,21,13,274803
1,21,14,255701
1,21,15,291808
1,22,0,12845
1,22,1,55283
1,22,2,32998
1,22,3,8910
1,22,4,83889
1,22,5,131425
1,22,6,152120
1,22,7,127264
1,22,8,194577
1,22,9,201871
1,22,10,202569
1,22,11,197745
1,22,12,265719
1,22,13,270381
1,22,14,266052
1,22,15,291808
1,23,0,60232
1,23,1,14977
1,23,2,50379
1,23,3,21633
1,23,4,128060
1,23,5,84769
1,23,6,127739
1,23,7,147711
1,23,8,214421
1,23,9,226165
1,23,10,229516
1,23,11,207960
1,23,12,305341
1,23,13,267095
1,23,14,303682
1,23,15,291808
1,24,0,21815
1,24,1,21949
1,24,2,58715
1,24,3,67061
1,24,4,124936
1,24,5,132797
1,24,6,104055
1,24,7,107451
1,24,8,190810
1,24,9,159611
1,24,10,223825
1,24,11,170871
1,24,12,272054
1,24,13,258115
1,24,14,283916
1,24,15,291808
1,25,0,36571
1,25,1,25835
1,25,2,49116
1,25,3,10125
1,25,4,134446
1,25,5,112811
1,25,6,123909
1,25,7,92009
1,25,8,217695
1,25,9,207015
1,25,10,177119
1,25,11,216263
1,25,12,294494
1,25,13,304801
1,25,14,250627
1,25,15,291808
1,26,0,69863
1,26,1,50810
1,26,2,72706
1,26,3,56841
1,26,4,135131
1,26,5,100023
1,26,6,91995
1,26,7,95272
1,26,8,181242
1,26,9,173635
1,26,10,210931
1,26,11,159249
1,26,12,252851
1,26,13,237064
1,26,14,234046
1,26,15,291808
1,27,0,44287
1,27,1,34184
1,27,2,1005
1,27,3,49222
1,27,4,148507
1,27,5,84123
1,27,6,88125
1,27,7,97188
1,27,8,223375
1,27,9,214704
1,27,10,173883
1,27,11,222056
1,27,12,264331
1,27,13,258217
1,27,14,281433
1,27,15,291808
1,28,0,27576
1,28,1,52714
1,28,2,58057
1,28,3,28052
1,28,4,81356
1,28,5,81585
1,28,6,94517
1,28,7,136273
1,28,8,161967
1,28,9,213398
1,28,10,196931
1,28,11,175207
1,28,12,257295
1,28,13,258122
1,28,14,262805
1,28,15,291808
1,29,0,27575
1,29,1,73169
1,29,2,27251
1,29,3,15251
1,29,4,103159
1,29,5,114087
1,29,6,143139
1,29,7,114535
1,29,8,194651
1,29,9,187718
1,29,10,226393
1,29,11,181706
1,29,12,239380
1,29,13,296568
1,29,14,306270
1,29,15,291808
1,30,0,75637
1,30,1,71897
1,30,2,56778
1,30,3,49884
1,30,4,149164
1,30,5,77688
1,30,6,138667
1,30,7,92795
1,30,8,186905
1,30,9,196067
1,30,10,207701
1,30,11,211761
1,30,12,304034
1,30,13,231235
1,30,14,300579
1,30,15,291808
1,31,0,25734
1,31,1,4744
1,31,2,59204
1,31,3,12716
1,31,4,98604
1,31,5,128850
1,31,6,99630
1,31,7,118889
1,31,8,218948
1,31,9,196037
1,31,10,155897
1,31,11,160498
1,31,12,235537
1,31,13,248612
1,31,14,253178
1,31,15,291808
1,32,0,26985
1,32,1,20022
1,32,2,27242
1,32,3,33894
1,32,4,137621
1,32,5,91682
1,32,6,102803
1,32,7,112490
1,32,8,203592
1,32,9,162769
1,32,10,169960
1,32,11,171383
1,32,12,234961
1,32,13,265242
1,32,14,269910
1,32,15,291808
1,33,0,12201
1,33,1,41771
1,33,2,43913
1,33,3,51069
1,33,4,97354
1,33,5,104513
1,33,6,93903
1,33,7,146469
1,33,8,220886
1,33,9,224913
1,33,10,168789
1,33,11,160547
1,33,12,297021
1,33,13,283729
1,33,14,301849
1,33,15,291808
1,34,0,36624
1,34,1,57835
1,34,2,41335
1,34,3,56258
1,34,4,96153
1,34,5,117343
1,34,6,93829
1,34,7,112628
1,34,8,211255
1,34,9,225485
1,34,10,203888
1,34,11,179752
1,34,12,276486
1,34,13,301032
1,34,14,244827
1,34,15,291808
1,35,0,62806
1,35,1,21962
1,35,2,55403
1,35,3,42741
1,35,4,118435
1,35,5,115500
1,35,6,148214
1,35,7,120298
1,35,8,214433
1,35,9,187144
1,35,10,194247
1,35,11,198882
1,35,12,252927
1,35,13,293399
1,35,14,282681
1,35,15,291808
1,36,0,53227
1,36,1,57242
1,36,2,63174
1,36,3,41575
1,36,4,80710
1,36,5,96848
1,36,6,132297
1,36,7,81803
1,36,8,224093
1,36,9,203725
1,36,10,184783
1,36,11,175964
1,36,12,267591
1,36,13,258238
1,36,14,301776
1,36,15,291808
1,37,0,47365
1,37,1,28998
1,37,2,2997
1,37,3,13931
1,37,4,138926
1,37,5,95529
1,37,6,133555
1,37,7,119602
1,37,8,168971
1,37,9,155083
1,37,10,157235
1,37,11,167676
1,37,12,287401
1,37,13,278706
1,37,14,237241
1,37,15,291808
1,38,0,55832
1,38,1,18791
1,38,2,73992
1,38,3,35713
1,38,4,94219
1,38,5,119961
1,38,6,143745
1,38,7,121545
1,38,8,199174
1,38,9,165924
1,38,10,218039
1,38,11,161203
1,38,12,244566
1,38,13,290173
1,38,14,274384
1,38,15,291808
1,39,0,26896
1,39,1,4045
1,39,2,13865
1,39,3,13305
1,39,4,118483
1,39,5,84641
1,39,6,152120
1,39,7,152307
1,39,8,227247
1,39,9,201915
1,39,10,220594
1,39,11,158041
1,39,12,259257
1,39,13,281199
1,39,14,280759
1,39,15,291808
1,40,0,64799
1,40,1,50767
1,40,2,58637
1,40,3,19191
1,40,4,134515
1,40,5,137136
1,40,6,120673
1,40,7,124718
1,40,8,226054
1,40,9,229956
1,40,10,228306
1,40,11,161230
1,40,12,232991
1,40,13,303526
1,40,14,292219
1,40,15,291808
1,41,0,22452
1,41,1,74411
1,41,2,33633
1,41,3,57574
1,41,4,77527
1,41,5,78251
1,41,6,116277
1,41,7,95927
1,41,8,202944
1,41,9,194751
1,41,10,205919
1,41,11,195819
1,41,12,275233
1,41,13,242101
1,41,14,289685
1,41,15,291808
1,42,0,63405
1,42,1,43765
1,42,2,28634
1,42,3,58155
1,42,4,150415
1,42,5,97576
1,42,6,126422
1,42,7,111345
1,42,8,197185
1,42,9,204339
1,42,10,191116
1,42,11,189365
1,42,12,245762
1,42,13,254955
1,42,14,258285
1,42,15,291808
1,43,0,10327
1,43,1,39247
1,43,2,23512
1,43,3,69691
1,43,4,117148
1,43,5,103259
1,43,6,120725
1,43,7,120832
1,43,8,206783
1,43,9,178725
1,43,10,227009
1,43,11,197679
1,43,12,262515
1,43,13,283683
1,43,14,298562
1,43,15,291808
1,44,0,17293
1,44,1,13094
1,44,2,17627
1,44,3,21032
1,44,4,143481
1,44,5,81537
1,44,6,89922
1,44,7,142015
1,44,8,203527
1,44,9,196725
1,44,10,204497
1,44,11,176529
1,44,12,256003
1,44,13,281902
1,44,14,244281
1,44,15,291808
0,45,0,0
0,46,0,0
0,47,0,0
0,48,0,0
0,49,0,0
0,50,0,0
0,51,0,0
1,52,0,53207
1,52,1,51425
1,52,2,45272
1,52,3,15935
1,52,4,87156
1,52,5,123763
1,52,6,111135
1,52,7,138182
1,52,8,173563
1,52,9,216571
1,52,10,175157
1,52,11,166945
1,52,12,253479
1,52,13,300388
1,52,14,259546
1,52,15,291808
1,53,0,32651
1,53,1,76377
1,53,2,45901
1,53,3,55589
1,53,4,110110
1,53,5,77017
1,53,6,90051
1,53,7,140159
1,53,8,184420
1,53,9,227361
1,53,10,204505
1,53,11,228385
1,53,12,284233
1,53,13,295945
1,53,14,250714
1,53,15,291808
1,54,0,43672
1,54,1,29097
1,54,2,14510
1,54,3,53062
1,54,4,119047
1,54,5,78887
1,54,6,132938
1,54,7,109941
1,54,8,165792
1,54,9,197996
1,54,10,209628
1,54,11,186789
1,54,12,292588
1,54,13,279933
1,54,14,244185
1,54,15,291808
1,55,0,34664
1,55,1,68653
1,55,2,52890
1,55,3,2543
1,55,4,129397
1,55,5,130837
1,55,6,85473
1,55,7,113253
1,55,8,201079
1,55,9,178752
1,55,10,203269
1,55,11,227123
1,55,12,282915
1,55,13,262013
1,55,14,269207
1,55,15,291808
1,56,0,13543
1,56,1,46277
1,56,2,16450
1,56,3,69649
1,56,4,149253
1,56,5,96811
1,56,6,114332
1,56,7,113134
1,56,8,190779
1,56,9,212083
1,56,10,157153
1,56,11,228988
1,56,12,297097
1,56,13,240215
1,56,14,297930
1,56,15,291808
1,57,0,43671
1,57,1,25761
1,57,2,53531
1,57,3,18447
1,57,4,144743
1,57,5,80288
1,57,6,146897
1,57,7,82471
1,57,8,220841
1,57,9,193533
1,57,10,222539
1,57,11,168258
1,57,12,239487
1,57,13,297811
1,57,14,274364
1,57,15,291808
1,58,0,30175
1,58,1,15669
1,58,2,30426
1,58,3,38932
1,58,4,124865
1,58,5,131389
1,58,6,88641
1,58,7,81221
1,58,8,190091
1,58,9,190303
1,58,10,153977
1,58,11,216893
1,58,12,289409
1,58,13,286987
1,58,14,232112
1,58,15,291808
1,59,0,57687
1,59,1,55205
1,59,2,2274
1,59,3,17895
1,59,4,113427
1,59,5,149301
1,59,6,136018
1,59,7,94624
1,59,8,212624
1,59,9,228063
1,59,10,154014
1,59,11,198377
1,59,12,275908
1,59,13,238296
1,59,14,267941
1,59,15,291808
1,60,0,76190
1,60,1,28988
1,60,2,5580
1,60,3,43365
1,60,4,103087
1,60,5,80957
1,60,6,82263
1,60,7,124692
1,60,8,189519
1,60,9,167342
1,60,10,179597
1,60,11,176557
1,60,12,268815
1,60,13,284330
1,60,14,268563
1,60,15,291808
1,61,0,74247
1,61,1,52108
1,61,2,22862
1,61,3,24859
1,61,4,142181
1,61,5,125715
1,61,6,84925
1,61,7,100383
1,61,8,194616
1,61,9,205019
1,61,10,204565
1,61,11,182340
1,61,12,286084
1,61,13,240919
1,61,14,231425
1,61,15,291808
1,62,0,51299
1,62,1,20113
1,62,2,29275
1,62,3,69046
1,62,4,133193
1,62,5,99387
1,62,6,81693
1,62,7,115754
1,62,8,174190
1,62,9,203775
1,62,10,218035
1,62,11,189415
1,62,12,282247
1,62,13,285013
1,62,14,262186
1,62,15,291808
1,63,0,55740
1,63,1,18227
1,63,2,4223
1,63,3,10737
1,63,4,139541
1,63,5,119203
1,63,6,96999
1,63,7,117699
1,63,8,183065
1,63,9,155143
1,63,10,189772
1,63,11,158562
1,63,12,288763
1,63,13,233233
1,63,14,276213
1,63,15,291808
1,64,0,61511
1,64,1,74527
1,64,2,45857
1,64,3,65913
1,64,4,141547
1,64,5,139743
1,64,6,145616
1,64,7,133747
1,64,8,167738
1,64,9,173111
1,64,10,221849
1,64,11,177271
1,64,12,240756
1,64,13,231256
1,64,14,275679
1,64,15,291808
1,65,0,53812
1,65,1,69377
1,65,2,8100
1,65,3,75463
1,65,4,147845
1,65,5,85353
1,65,6,114887
1,65,7,90175
1,65,8,207400
1,65,9,169780
1,65,10,207781
1,65,11,199636
1,65,12,270805
1,65,13,302966
1,65,14,264797
1,65,15,291808
1,66,0,3209
1,66,1,35425
1,66,2,72057
1,66,3,48607
1,66,4,77456
1,66,5,94921
1,66,6,130270
1,66,7,108071
1,66,8,229243
1,66,9,201135
1,66,10,189162
1,66,11,202195
1,66,12,253583
1,66,13,244779
1,66,14,250007
1,66,15,291808
1,67,0,13545
1,67,1,11745
1,67,2,37551
1,67,3,12052
1,67,4,140829
1,67,5,80225
1,67,6,93210
1,67,7,131767
1,67,8,217713
1,67,9,192257
1,67,10,196303
1,67,11,166371
1,67,12,304683
1,67,13,305548
1,67,14,240461
1,67,15,291808
1,68,0,37238
1,68,1,23221
1,68,2,33741
1,68,3,26823
1,68,4,80699
1,68,5,132052
1,68,6,123961
1,68,7,100402
1,68,8,187668
1,68,9,200568
1,68,10,170582
1,68,11,163791
1,68,12,238753
1,68,13,290728
1,68,14,304463
1,68,15,291808
1,69,0,17413
1,69,1,22041
1,69,2,37498
1,69,3,25498
1,69,4,124242
1,69,5,112852
1,69,6,110498
1,69,7,88249
1,69,8,190771
1,69,9,222342
1,69,10,203245
1,69,11,173373
1,69,12,244569
1,69,13,283684
1,69,14,262858
1,69,15,291808
1,70,0,65289
1,70,1,55292
1,70,2,14442
1,70,3,65187
1,70,4,135837
1,70,5,146207
1,70,6,105342
1,70,7,121495
1,70,8,158857
1,70,9,167327
1,70,10,176375
1,70,11,158021
1,70,12,254773
1,70,13,290176
1,70,14,285864
1,70,15,291808
1,71,0,62117
1,71,1,46893
1,71,2,41324
1,71,3,38921
1,71,4,141458
1,71,5,150657
1,71,6,89377
1,71,7,88927
1,71,8,199682
1,71,9,224271
1,71,10,177757
1,71,11,227079
1,71,12,271379
1,71,13,238283
1,71,14,246797
1,71,15,291808
1,72,0,21863
1,72,1,45605
1,72,2,72131
1,72,3,67051
1,72,4,92175
1,72,5,125687
1,72,6,95703
1,72,7,135663
1,72,8,206765
1,72,9,226175
1,72,10,182138
1,72,11,193887
1,72,12,274603
1,72,13,254377
1,72,14,306389
1,72,15,291808
1,73,0,2675
1,73,1,61683
1,73,2,65743
1,73,3,11453
1,73,4,113401
1,73,5,150037
1,73,6,97697
1,73,7,138824
1,73,8,220879
1,73,9,185777
1,73,10,162301
1,73,11,199669
1,73,12,269471
1,73,13,253611
1,73,14,294839
1,73,15,291808
1,74,0,69270
1,74,1,64204
1,74,2,24079
1,74,3,44071
1,74,4,80664
1,74,5,77101
1,74,6,91897
1,74,7,145776
1,74,8,227892
1,74,9,229959
1,74,10,203268
1,74,11,162453
1,74,12,274702
1,74,13,290733
1,74,14,299880
1,74,15,291808
1,75,0,48075
1,75,1,50849
1,75,2,22831
1,75,3,59441
1,75,4,83353
1,75,5,120480
1,75,6,78509
1,75,7,111333
1,75,8,174840
1,75,9,221716
1,75,10,187316
1,75,11,223329
1,75,12,301575
1,75,13,237037
1,75,14,264773
1,75,15,291808
1,76,0,29551
1,76,1,26431
1,76,2,53517
1,76,3,18416
1,76,4,142129
1,76,5,76963
1,76,6,92577
1,76,7,107449
1,76,8,227253
1,76,9,155057
1,76,10,216727
1,76,11,177205
1,76,12,244601
1,76,13,251162
1,76,14,236622
1,76,15,291808
1,77,0,51265
1,77,1,25244
1,77,2,47155
1,77,3,52458
1,77,4,123529
1,77,5,101317
1,77,6,108571
1,77,7,106769
1,77,8,183131
1,77,9,167345
1,77,10,209039
1,77,11,187439
1,77,12,232423
1,77,13,242824
1,77,14,272379
1,77,15,291808
1,78,0,39788
1,78,1,43812
1,78,2,6767
1,78,3,17866
1,78,4,108245
1,78,5,153139
1,78,6,120795
1,78,7,118325
1,78,8,217053
1,78,9,180003
1,78,10,212889
1,78,11,156795
1,78,12,293793
1,78,13,294660
1,78,14,232097
1,78,15,291808
1,79,0,67343
1,79,1,23338
1,79,2,17709
1,79,3,66513
1,79,4,99946
1,79,5,86018
1,79,6,92561
1,79,7,97133
1,79,8,181219
1,79,9,226121
1,79,10,154581
1,79,11,182915
1,79,12,276560
1,79,13,241543
1,79,14,287749
1,79,15,291808
1,80,0,10906
1,80,1,27746
1,80,2,66931
1,80,3,24179
1,80,4,77530
1,80,5,116023
1,80,6,150833
1,80,7,91431
1,80,8,168385
1,80,9,168513
1,80,10,193725
1,80,11,195095
1,80,12,295049
1,80,13,258197
1,80,14,257014
1,80,15,291808
1,81,0,34668
1,81,1,55967
1,81,2,20299
1,81,3,17207
1,81,4,81972
1,81,5,125644
1,81,6,102812
1,81,7,116985
1,81,8,212635
1,81,9,217138
1,81,10,157892
1,81,11,204730
1,81,12,303415
1,81,13,291378
1,81,14,306963
1,81,15,291808
1,82,0,34640
1,82,1,63625
1,82,2,30528
1,82,3,62007
1,82,4,110819
1,82,5,143607
1,82,6,134085
1,82,7,77345
1,82,8,186946
1,82,9,195449
1,82,10,186063
1,82,11,203412
1,82,12,302217
1,82,13,271556
1,82,14,302416
1,82,15,291808
1,83,0,2067
1,83,1,53993
1,83,2,40727
1,83,3,15952
1,83,4,142738
1,83,5,106543
1,83,6,81083
1,83,7,140707
1,83,8,166545
1,83,9,186465
1,83,10,220571
1,83,11,164461
1,83,12,253488
1,83,13,274871
1,83,14,282065
1,83,15,291808
1,84,0,63410
1,84,1,8515
1,84,2,40127
1,84,3,31877
1,84,4,97343
1,84,5,98726
1,84,6,104019
1,84,7,137543
1,84,8,173570
1,84,9,177457
1,84,10,198150
1,84,11,177869
1,84,12,305996
1,84,13,287035
1,84,14,243617
1,84,15,291808
1,85,0,44235
1,85,1,25779
1,85,2,44525
1,85,3,22937
1,85,4,94119
1,85,5,151861
1,85,6,114975
1,85,7,147721
1,85,8,175481
1,85,9,191603
1,85,10,165495
1,85,11,196429
1,85,12,234985
1,85,13,251093
1,85,14,245553
1,85,15,291808
1,86,0,40382
1,86,1,36060
1,86,2,61244
1,86,3,45402
1,86,4,124195
1,86,5,116137
1,86,6,100201
1,86,7,88959
1,86,8,172192
1,86,9,203043
1,86,10,202716
1,86,11,168303
1,86,12,243890
1,86,13,276121
1,86,14,287145
1,86,15,291808
1,87,0,42933
1,87,1,28961
1,87,2,43851
1,87,3,8931
1,87,4,129341
1,87,5,92967
1,87,6,109911
1,87,7,101745
1,87,8,217746
1,87,9,167875
1,87,10,193115
1,87,11,166989
1,87,12,254121
1,87,13,293933
1,87,14,268534
1,87,15,291808
1,88,0,48714
1,88,1,30307
1,88,2,75355
1,88,3,6941
1,88,4,139651
1,88,5,102717
1,88,6,78429
1,88,7,149113
1,88,8,217019
1,88,9,214605
1,88,10,207095
1,88,11,228332
1,88,12,284289
1,88,13,279971
1,88,14,299913
1,88,15,291808
1,89,0,69791
1,89,1,11835
1,89,2,75349
1,89,3,38343
1,89,4,79396
1,89,5,123746
1,89,6,101541
1,89,7,110717
1,89,8,192113
1,89,9,201175
1,89,10,196190
1,89,11,212993
1,89,12,261124
1,89,13,278580
1,89,14,235287
1,89,15,291808
1,90,0,62091
1,90,1,18127
1,90,2,36935
1,90,3,46650
1,90,4,149174
1,90,5,141745
1,90,6,126537
1,90,7,150951
1,90,8,225359
1,90,9,228725
1,90,10,183429
1,90,11,211759
1,90,12,258631
1,90,13,306234
1,90,14,250067
1,90,15,291808
1,91,0,28939
1,91,1,13745
1,91,2,22811
1,91,3,42131
1,91,4,138318
1,91,5,103236
1,91,6,109823
1,91,7,143969
1,91,8,226045
1,91,9,210787
1,91,10,192439
1,91,11,220155
1,91,12,231687
1,91,13,290161
1,91,14,287199
1,91,15,291808
0,92,0,0
1,93,0,60845
1,93,1,36139
1,93,2,6198
1,93,3,49263
1,93,4,119827
1,93,5,147373
1,93,6,104755
1,93,7,94670
1,93,8,207418
1,93,9,212071
1,93,10,169429
1,93,11,209173
1,93,12,305335
1,93,13,306879
1,93,14,250593
1,93,15,291808
1,94,0,52538
1,94,1,62882
1,94,2,51659
1,94,3,25457
1,94,4,101205
1,94,5,126379
1,94,6,95711
1,94,7,110595
1,94,8,209431
1,94,9,155775
1,94,10,201431
1,94,11,219454
1,94,12,244627
1,94,13,239537
1,94,14,303053
1,94,15,291808
0,95,0,0
0,96,0,0
0,97,0,0
0,98,0,0
0,99,0,0
0,100,0,0
1,101,0,34701
1,101,1,36745
1,101,2,61864
1,101,3,63860
1,101,4,97355
1,101,5,126909
1,101,6,145733
1,101,7,109953
1,101,8,175516
1,101,9,155711
1,101,10,228879
1,101,11,167615
1,101,12,294471
1,101,13,256252
1,101,14,300616
1,101,15,291808
1,102,0,7781
1,102,1,271
1,102,2,18999
1,102,3,35057
1,102,4,133207
1,102,5,98209
1,102,6,130362
1,102,7,113867
1,102,8,208031
1,102,9,155126
1,102,10,221772
1,102,11,202185
1,102,12,266933
1,102,13,261976
1,102,14,254436
1,102,15,291808
1,103,0,73009
1,103,1,47019
1,103,2,16398
1,103,3,18423
1,103,4,114067
1,103,5,139707
1,103,6,129070
1,103,7,131724
1,103,8,228589
1,103,9,160225
1,103,10,173819
1,103,11,189413
1,103,12,267034
1,103,13,251183
1,103,14,251928
1,103,15,291808
1,104,0,71143
1,104,1,38571
1,104,2,25353
1,104,3,22285
1,104,4,147306
1,104,5,99404
1,104,6,82346
1,104,7,135008
1,104,8,203541
1,104,9,183963
1,104,10,224445
1,104,11,165069
1,104,12,268833
1,104,13,304251
1,104,14,253186
1,104,15,291808
1,105,0,11608
1,105,1,34805
1,105,2,9948
1,105,3,34448
1,105,4,140206
1,105,5,144175
1,105,6,137321
1,105,7,129907
1,105,8,228601
1,105,9,171807
1,105,10,155268
1,105,11,226451
1,105,12,253444
1,105,13,271521
1,105,14,280081
1,105,15,291808
1,106,0,70474
1,106,1,73203
1,106,2,66907
1,106,3,26110
1,106,4,135699
1,106,5,77680
1,106,6,116879
1,106,7,115699
1,106,8,212505
1,106,9,178725
1,106,10,217931
1,106,11,220747
1,106,12,247133
1,106,13,301717
1,106,14,296015
1,106,15,291808
1,107,0,2056
1,107,1,40622
1,107,2,36936
1,107,3,1164
1,107,4,119058
1,107,5,114186
1,107,6,82979
1,107,7,87027
1,107,8,225945
1,107,9,158882
1,107,10,210287
1,107,11,172701
1,107,12,284227
1,107,13,237697
1,107,14,281435
1,107,15,291808
1,108,0,9702
1,108,1,27801
1,108,2,52223
1,108,3,53702
1,108,4,92832
1,108,5,141646
1,108,6,91306
1,108,7,89513
1,108,8,160747
1,108,9,189621
1,108,10,203893
1,108,11,195815
1,108,12,296334
1,108,13,241497
1,108,14,299260
1,108,15,291808
1,109,0,3279
1,109,1,18854
1,109,2,45907
1,109,3,63265
1,109,4,151065
1,109,5,112311
1,109,6,102207
1,109,7,153535
1,109,8,201614
1,109,9,197293
1,109,10,165587
1,109,11,195119
1,109,12,272773
1,109,13,267125
1,109,14,289081
1,109,15,291808
1,110,0,40425
1,110,1,16263
1,110,2,19664
1,110,3,25515
1,110,4,78233
1,110,5,95006
1,110,6,137399
1,110,7,88179
1,110,8,160010
1,110,9,213281
1,110,10,199445
1,110,11,163758
1,110,12,291985
1,110,13,248537
1,110,14,287803
1,110,15,291808
1,111,0,25093
1,111,1,43132
1,111,2,51029
1,111,3,63243
1,111,4,122999
1,111,5,151233
1,111,6,90696
1,111,7,108799
1,111,8,222232
1,111,9,188337
1,111,10,184087
1,111,11,215648
1,111,12,263699
1,111,13,292735
1,111,14,275546
1,111,15,291808
1,112,0,65331
1,112,1,9761
1,112,2,56115
1,112,3,39551
1,112,4,113965
1,112,5,77069
1,112,6,97011
1,112,7,97765
1,112,8,220814
1,112,9,200529
1,112,10,186077
1,112,11,168181
1,112,12,249013
1,112,13,287677
1,112,14,255184
1,112,15,291808
1,113,0,74917
1,113,1,2139
1,113,2,53586
1,113,3,5655
1,113,4,116612
1,113,5,139767
1,113,6,132863
1,113,7,133001
1,113,8,154371
1,113,9,153768
1,113,10,171957
1,113,11,164373
1,113,12,271483
1,113,13,235702
1,113,14,283246
1,113,15,291808
1,114,0,44263
1,114,1,63019
1,114,2,20918
1,114,3,1911
1,114,4,131253
1,114,5,128168
1,114,6,84923
1,114,7,132474
1,114,8,163977
1,114,9,216583
1,114,10,200729
1,114,11,189325
1,114,12,245219
1,114,13,285619
1,114,14,262219
1,114,15,291808
1,115,0,35355
1,115,1,75787
1,115,2,49759
1,115,3,63843
1,115,4,138905
1,115,5,85299
1,115,6,83593
1,115,7,100415
1,115,8,185669
1,115,9,198040
1,115,10,165583
1,115,11,159885
1,115,12,261919
1,115,13,261920
1,115,14,237156
1,115,15,291808
1,116,0,16119
1,116,1,75193
1,116,2,75201
1,116,3,72893
1,116,4,134543
1,116,5,77113
1,116,6,105379
1,116,7,96601
1,116,8,185039
1,116,9,184577
1,116,10,198799
1,116,11,197681
1,116,12,261881
1,116,13,283741
1,116,14,302543
1,116,15,291808
1,117,0,32064
1,117,1,27838
1,117,2,47819
1,117,3,10815
1,117,4,102445
1,117,5,137129
1,117,6,88157
1,117,7,81761
1,117,8,203525
1,117,9,174360
1,117,10,174539
1,117,11,229069
1,117,12,257376
1,117,13,275485
1,117,14,257747
1,117,15,291808
1,118,0,26396
1,118,1,43685
1,118,2,57955
1,118,3,44743
1,118,4,86461
1,118,5,119997
1,118,6,133535
1,118,7,114559
1,118,8,203039
1,118,9,202400
1,118,10,223093
1,118,11,226511
1,118,12,239477
1,118,13,286998
1,118,14,233313
1,118,15,291808
1,119,0,39779
1,119,1,57873
1,119,2,70109
1,119,3,44711
1,119,4,141533
1,119,5,82233
1,119,6,123355
1,119,7,95213
1,119,8,210005
1,119,9,219719
1,119,10,169389
1,119,11,229103
1,119,12,269491
1,119,13,267695
1,119,14,264651
1,119,15,291808
1,120,0,62849
1,120,1,32899
1,120,2,24101
1,120,3,30616
1,120,4,148622
1,120,5,86561
1,120,6,153395
1,120,7,144527
1,120,8,217698
1,120,9,156979
1,120,10,176406
1,120,11,224619
1,120,12,265075
1,120,13,258772
1,120,14,236543
1,120,15,291808
1,121,0,60243
1,121,1,71951
1,121,2,16425
1,121,3,46719
1,121,4,128138
1,121,5,96220
1,121,6,143835
1,121,7,95931
1,121,8,229781
1,121,9,229957
1,121,10,223777
1,121,11,226401
1,121,12,230422
1,121,13,262580
1,121,14,259035
1,121,15,291808
1,122,0,53861
1,122,1,73821
1,122,2,71501
1,122,3,61434
1,122,4,102413
1,122,5,82743
1,122,6,134739
1,122,7,106823
1,122,8,221485
1,122,9,198013
1,122,10,162973
1,122,11,225138
1,122,12,291847
1,122,13,287549
1,122,14,269767
1,122,15,291808
1,123,0,66582
1,123,1,20053
1,123,2,13181
1,123,3,53679
1,123,4,123039
1,123,5,123680
1,123,6,100242
1,123,7,149673
1,123,8,220959
1,123,9,169253
1,123,10,171858
1,123,11,225888
1,123,12,285469
1,123,13,272861
1,123,14,230761
1,123,15,291808
1,124,0,40474
1,124,1,75187
1,124,2,64431
1,124,3,33187
1,124,4,97983
1,124,5,117321
1,124,6,100945
1,124,7,79925
1,124,8,176682
1,124,9,170403
1,124,10,230212
1,124,11,163817
1,124,12,251646
1,124,13,260060
1,124,14,230852
1,124,15,291808
1,125,0,75031
1,125,1,66751
1,125,2,45909
1,125,3,58745
1,125,4,147921
1,125,5,84128
1,125,6,120067
1,125,7,79223
1,125,8,220202
1,125,9,173687
1,125,10,189207
1,125,11,191969
1,125,12,288029
1,125,13,286315
1,125,14,300561
1,125,15,291808
1,126,0,49949
1,126,1,50183
1,126,2,3020
1,126,3,18505
1,126,4,135837
1,126,5,80881
1,126,6,98893
1,126,7,150373
1,126,8,222769
1,126,9,176861
1,126,10,198183
1,126,11,172758
1,126,12,277176
1,126,13,302929
1,126,14,306916
1,126,15,291808
1,127,0,10277
1,127,1,56481
1,127,2,62429
1,127,3,70963
1,127,4,153083
1,127,5,146170
1,127,6,94481
1,127,7,79889
1,127,8,196513
1,127,9,171717
1,127,10,206433
1,127,11,193898
1,127,12,250957
1,127,13,236333
1,127,14,305709
1,127,15,291808
1,128,0,24970
1,128,1,36070
1,128,2,72762
1,128,3,17903
1,128,4,83928
1,128,5,92454
1,128,6,109899
1,128,7,86336
1,128,8,182405
1,128,9,177473
1,128,10,173245
1,128,11,181633
1,128,12,276582
1,128,13,299691
1,128,14,268539
1,128,15,291808
1,129,0,15497
1,129,1,51489
1,129,2,10044
1,129,3,46672
1,129,4,118518
1,129,5,137855
1,129,6,127133
1,129,7,113249
1,129,8,173508
1,129,9,199201
1,129,10,193015
1,129,11,221391
1,129,12,258077
1,129,13,286923
1,129,14,261537
1,129,15,291808
1,130,0,25755
1,130,1,47009
1,130,2,23361
1,130,3,17916
1,130,4,121099
1,130,5,103973
1,130,6,90573
1,130,7,111916
1,130,8,194035
1,130,9,171769
1,130,10,192425
1,130,11,170829
1,130,12,288671
1,130,13,272199
1,130,14,273708
1,130,15,291808
1,131,0,23707
1,131,1,70643
1,131,2,31101
1,131,3,59378
1,131,4,83877
1,131,5,77099
1,131,6,126512
1,131,7,80572
1,131,8,195341
1,131,9,202506
1,131,10,168664
1,131,11,177244
1,131,12,252212
1,131,13,288237
1,131,14,248723
1,131,15,291808
1,132,0,46817
1,132,1,23328
1,132,2,49029
1,132,3,25503
1,132,4,140931
1,132,5,136578
1,132,6,114255
1,132,7,118303
1,132,8,158777
1,132,9,157072
1,132,10,228312
1,132,11,161910
1,132,12,265645
1,132,13,261929
1,132,14,303733
1,132,15,291808
1,133,0,76269
1,133,1,14997
1,133,2,74034
1,133,3,26095
1,133,4,128771
1,133,5,141009
1,133,6,130995
1,133,7,85061
1,133,8,178039
1,133,9,178087
1,133,10,189237
1,133,11,169508
1,133,12,256797
1,133,13,267787
1,133,14,294151
1,133,15,291808
1,134,0,69229
1,134,1,37967
1,134,2,27987
1,134,3,75448
1,134,4,136451
1,134,5,103848
1,134,6,145003
1,134,7,113121
1,134,8,225953
1,134,9,224927
1,134,10,228937
1,134,11,159295
1,134,12,276606
1,134,13,258877
1,134,14,287175
1,134,15,291808
1,135,0,9062
1,135,1,42498
1,135,2,59970
1,135,3,58199
1,135,4,136329
1,135,5,117313
1,135,6,139939
1,135,7,122089
1,135,8,208122
1,135,9,211477
1,135,10,165503
1,135,11,163819
1,135,12,258012
1,135,13,255649
1,135,14,234015
1,135,15,291808
1,136,0,54411
1,136,1,38657
1,136,2,57929
1,136,3,35124
1,136,4,121112
1,136,5,105824
1,136,6,84295
1,136,7,149623
1,136,8,169607
1,136,9,155133
1,136,10,154035
1,136,11,178485
1,136,12,247749
1,136,13,268984
1,136,14,288461
1,136,15,291808
1,137,0,62781
1,137,1,27806
1,137,2,14541
1,137,3,37063
1,137,4,104419
1,137,5,148067
1,137,6,99657
1,137,7,86351
1,137,8,211957
1,137,9,198051
1,137,10,154069
1,137,11,185475
1,137,12,284949
1,137,13,258239
1,137,14,258241
1,137,15,291808
1,138,0,41631
1,138,1,69312
1,138,2,46485
1,138,3,46579
1,138,4,98017
1,138,5,144853
1,138,6,102848
1,138,7,139425
1,138,8,195896
1,138,9,157605
1,138,10,217388
1,138,11,195721
1,138,12,263696
1,138,13,238265
1,138,14,273654
1,138,15,291808
1,139,0,58377
1,139,1,65448
1,139,2,66979
1,139,3,16495
1,139,4,82608
1,139,5,93069
1,139,6,136723
1,139,7,100415
1,139,8,203595
1,139,9,196752
1,139,10,223159
1,139,11,216893
1,139,12,284175
1,139,13,295876
1,139,14,305115
1,139,15,291808
1,140,0,46141
1,140,1,22069
1,140,2,54225
1,140,3,49870
1,140,4,105607
1,140,5,88571
1,140,6,91881
1,140,7,153524
1,140,8,222725
1,140,9,206283
1,140,10,212879
1,140,11,213621
1,140,12,272095
1,140,13,255593
1,140,14,270559
1,140,15,291808
1,141,0,56474
1,141,1,48195
1,141,2,70204
1,141,3,7649
1,141,4,152989
1,141,5,144191
1,141,6,81663
1,141,7,123436
1,141,8,215693
1,141,9,224949
1,141,10,221807
1,141,11,165089
1,141,12,267619
1,141,13,245323
1,141,14,297947
1,141,15,291808
1,142,0,43613
1,142,1,27047
1,142,2,31129
1,142,3,60067
1,142,4,78131
1,142,5,78305
1,142,6,126449
1,142,7,137517
1,142,8,169659
1,142,9,174388
1,142,10,169411
1,142,11,220651
1,142,12,272003
1,142,13,306080
1,142,14,268627
1,142,15,291808
1,143,0,76286
1,143,1,43183
1,143,2,72031
1,143,3,16605
1,143,4,76901
1,143,5,104543
1,143,6,90029
1,143,7,151591
1,143,8,222143
1,143,9,215237
1,143,10,218715
1,143,11,169589
1,143,12,234311
1,143,13,264507
1,143,14,304375
1,143,15,291808
1,144,0,20519
1,144,1,61619
1,144,2,54861
1,144,3,53065
1,144,4,144022
1,144,5,132795
1,144,6,126458
1,144,7,118355
1,144,8,174143
1,144,9,183915
1,144,10,201423
1,144,11,215627
1,144,12,236288
1,144,13,255025
1,144,14,271159
1,144,15,291808
0,145,0,0
0,146,0,0
0,147,0,0
1,148,0,21143
1,148,1,31527
1,148,2,65616
1,148,3,53735
1,148,4,88460
1,148,5,131407
1,148,6,128969
1,148,7,153550
1,148,8,187013
1,148,9,181435
1,148,10,184728
1,148,11,217469
1,148,12,270745
1,148,13,251183
1,148,14,298049
1,148,15,291808
1,149,0,36639
1,149,1,49509
1,149,2,65021
1,149,3,14707
1,149,4,87043
1,149,5,131394
1,149,6,91995
1,149,7,140701
1,149,8,196499
1,149,9,196731
1,149,10,202017
1,149,11,187429
1,149,12,273314
1,149,13,249799
1,149,14,280055
1,149,15,291808
1,150,0,54485
1,150,1,48825
1,150,2,28621
1,150,3,47945
1,150,4,110144
1,150,5,100135
1,150,6,81108
1,150,7,81883
1,150,8,210679
1,150,9,161578
1,150,10,166183
1,150,11,199031
1,150,12,232355
1,150,13,268473
1,150,14,239791
1,150,15,291808
1,151,0,36531
1,151,1,45756
1,151,2,66399
1,151,3,67057
1,151,4,139581
1,151,5,93081
1,151,6,130903
1,151,7,104941
1,151,8,194684
1,151,9,208176
1,151,10,225004
1,151,11,161865
1,151,12,245177
1,151,13,240802
1,151,14,280693
1,151,15,291808
1,152,0,69208
1,152,1,56619
1,152,2,50275
1,152,3,44131
1,152,4,106345
1,152,5,123159
1,152,6,134725
1,152,7,92107
1,152,8,218943
1,152,9,205601
1,152,10,223143
1,152,11,170103
1,152,12,274652
1,152,13,306135
1,152,14,237259
1,152,15,291808
1,153,0,34689
1,153,1,35461
1,153,2,27958
1,153,3,38937
1,153,4,128660
1,153,5,136511
1,153,6,109203
1,153,7,117042
1,153,8,183173
1,153,9,155065
1,153,10,223785
1,153,11,193828
1,153,12,289312
1,153,13,288222
1,153,14,246231
1,153,15,291808
1,154,0,18609
1,154,1,41854
1,154,2,51014
1,154,3,40227
1,154,4,144019
1,154,5,81472
1,154,6,152158
1,154,7,143264
1,154,8,180563
1,154,9,222911
1,154,10,189273
1,154,11,176505
1,154,12,259924
1,154,13,258167
1,154,14,282067
1,154,15,291808
1,155,0,12819
1,155,1,63013
1,155,2,74653
1,155,3,49834
1,155,4,94163
1,155,5,104497
1,155,6,100221
1,155,7,153443
1,155,8,227253
1,155,9,224163
1,155,10,208477
1,155,11,156003
1,155,12,296377
1,155,13,302923
1,155,14,304431
1,155,15,291808
1,156,0,72373
1,156,1,68079
1,156,2,15833
1,156,3,7657
1,156,4,83953
1,156,5,92363
1,156,6,86725
1,156,7,150929
1,156,8,200366
1,156,9,222973
1,156,10,221816
1,156,11,221343
1,156,12,231123
1,156,13,287533
1,156,14,258352
1,156,15,291808
1,157,0,61573
1,157,1,13636
1,157,2,65633
1,157,3,65803
1,157,4,140891
1,157,5,82750
1,157,6,125227
1,157,7,132393
1,157,8,172166
1,157,9,165345
1,157,10,171851
1,157,11,191235
1,157,12,251677
1,157,13,238319
1,157,14,252639
1,157,15,291808
1,158,0,34659
1,158,1,39951
1,158,2,72737
1,158,3,54241
1,158,4,99244
1,158,5,116654
1,158,6,104061
1,158,7,101654
1,158,8,200419
1,158,9,206322
1,158,10,171904
1,158,11,198324
1,158,12,251593
1,158,13,286257
1,158,14,257050
1,158,15,291808
1,159,0,59607
1,159,1,28333
1,159,2,34979
1,159,3,8223
1,159,4,121016
1,159,5,98237
1,159,6,104139
1,159,7,98447
1,159,8,170923
1,159,9,156427
1,159,10,203351
1,159,11,158609
1,159,12,286873
1,159,13,257463
1,159,14,274345
1,159,15,291808
1,160,0,69189
1,160,1,29614
1,160,2,12598
1,160,3,28733
1,160,4,130622
1,160,5,120531
1,160,6,148272
1,160,7,101071
1,160,8,174122
1,160,9,228118
1,160,10,162387
1,160,11,181087
1,160,12,291325
1,160,13,237010
1,160,14,283999
1,160,15,291808
1,161,0,76192
1,161,1,9813
1,161,2,63813
1,161,3,22333
1,161,4,105027
1,161,5,87257
1,161,6,153381
1,161,7,145225
1,161,8,161424
1,161,9,179429
1,161,10,154661
1,161,11,209161
1,161,12,258567
1,161,13,242151
1,161,14,306919
1,161,15,291808
1,162,0,63433
1,162,1,36005
1,162,2,44511
1,162,3,56910
1,162,4,133215
1,162,5,132739
1,162,6,84920
1,162,7,99829
1,162,8,218921
1,162,9,219785
1,162,10,198215
1,162,11,199644
1,162,12,280351
1,162,13,276717
1,162,14,264791
1,162,15,291808
1,163,0,59523
1,163,1,43827
1,163,2,8083
1,163,3,33157
1,163,4,105641
1,163,5,105249
1,163,6,85542
1,163,7,95949
1,163,8,183149
1,163,9,216482
1,163,10,157267
1,163,11,210515
1,163,12,297643
1,163,13,292699
1,163,14,306898
1,163,15,291808
1,164,0,36522
1,164,1,42456
1,164,2,72139
1,164,3,62632
1,164,4,147233
1,164,5,123053
1,164,6,98396
1,164,7,100436
1,164,8,208067
1,164,9,156381
1,164,10,202073
1,164,11,202153
1,164,12,270207
1,164,13,269015
1,164,14,294217
1,164,15,291808
1,165,0,41687
1,165,1,38009
1,165,2,22867
1,165,3,10223
1,165,4,105066
1,165,5,132012
1,165,6,90696
1,165,7,90170
1,165,8,202249
1,165,9,178802
1,165,10,225739
1,165,11,198986
1,165,12,271452
1,165,13,239563
1,165,14,285802
1,165,15,291808
1,166,0,3329
1,166,1,3429
1,166,2,21551
1,166,3,58810
1,166,4,146631
1,166,5,96213
1,166,6,97623
1,166,7,135624
1,166,8,220276
1,166,9,191007
1,166,10,220553
1,166,11,196455
1,166,12,293869
1,166,13,261367
1,166,14,274946
1,166,15,291808
1,167,0,7761
1,167,1,27815
1,167,2,6783
1,167,3,55559
1,167,4,77477
1,167,5,129484
1,167,6,153323
1,167,7,147773
1,167,8,183135
1,167,9,183962
1,167,10,199489
1,167,11,213695
1,167,12,232345
1,167,13,252440
1,167,14,257675
1,167,15,291808
1,168,0,19957
1,168,1,68689
1,168,2,43947
1,168,3,72315
1,168,4,135729
1,168,5,80837
1,168,6,126462
1,168,7,124085
1,168,8,162563
1,168,9,207625
1,168,10,224429
1,168,11,202159
1,168,12,267591
1,168,13,283725
1,168,14,269265
1,168,15,291808
1,169,0,60907
1,169,1,26403
1,169,2,46461
1,169,3,21094
1,169,4,131277
1,169,5,148039
1,169,6,98935
1,169,7,136200
1,169,8,177384
1,169,9,213409
1,169,10,162379
1,169,11,157368
1,169,12,244500
1,169,13,284445
1,169,14,258373
1,169,15,291808
1,170,0,6407
1,170,1,20070
1,170,2,49063
1,170,3,29351
1,170,4,77546
1,170,5,100671
1,170,6,135403
1,170,7,140756
1,170,8,217097
1,170,9,173641
1,170,10,212928
1,170,11,201551
1,170,12,297019
1,170,13,266547
1,170,14,289103
1,170,15,291808
1,171,0,30793
1,171,1,28996
1,171,2,469
1,171,3,44738
1,171,4,119763
1,171,5,111007
1,171,6,127191
1,171,7,98455
1,171,8,180584
1,171,9,210731
1,171,10,205797
1,171,11,185521
1,171,12,286205
1,171,13,299799
1,171,14,266681
1,171,15,291808
1,172,0,67959
1,172,1,23359
1,172,2,46507
1,172,3,27399
1,172,4,99916
1,172,5,94933
1,172,6,139885
1,172,7,79319
1,172,8,217663
1,172,9,208871
1,172,10,185362
1,172,11,229100
1,172,12,285557
1,172,13,292075
1,172,14,239137
1,172,15,291808
1,173,0,56412
1,173,1,69931
1,173,2,22852
1,173,3,5648
1,173,4,105001
1,173,5,87996
1,173,6,88761
1,173,7,111877
1,173,8,162653
1,173,9,168617
1,173,10,228169
1,173,11,181001
1,173,12,265119
1,173,13,265120
1,173,14,267349
1,173,15,291808
1,174,0,30125
1,174,1,12451
1,174,2,29843
1,174,3,13283
1,174,4,133195
1,174,5,105779
1,174,6,96475
1,174,7,145219
1,174,8,199777
1,174,9,160883
1,174,10,196165
1,174,11,218183
1,174,12,271450
1,174,13,285023
1,174,14,255793
1,174,15,291808
1,175,0,51924
1,175,1,59190
1,175,2,44543
1,175,3,33888
1,175,4,147228
1,175,5,130189
1,175,6,84951
1,175,7,113837
1,175,8,229782
1,175,9,179367
1,175,10,155942
1,175,11,226485
1,175,12,300833
1,175,13,238279
1,175,14,280717
1,175,15,291808
1,176,0,17363
1,176,1,6569
1,176,2,58666
1,176,3,17875
1,176,4,88405
1,176,5,114775
1,176,6,86859
1,176,7,81179
1,176,8,158847
1,176,9,189653
1,176,10,187214
1,176,11,188669
1,176,12,243897
1,176,13,242832
1,176,14,283922
1,176,15,291808
1,177,0,60297
1,177,1,27093
1,177,2,45197
1,177,3,21014
1,177,4,146598
1,177,5,125119
1,177,6,97709
1,177,7,140771
1,177,8,178043
1,177,9,188333
1,177,10,160447
1,177,11,209832
1,177,12,250305
1,177,13,259487
1,177,14,260199
1,177,15,291808
1,178,0,39684
1,178,1,56481
1,178,2,24681
1,178,3,49232
1,178,4,131937
1,178,5,100051
1,178,6,82357
1,178,7,141405
1,178,8,158843
1,178,9,224274
1,178,10,164170
1,178,11,209133
1,178,12,302143
1,178,13,273550
1,178,14,290973
1,178,15,291808
1,179,0,69888
1,179,1,68064
1,179,2,53591
1,179,3,10733
1,179,4,130599
1,179,5,109002
1,179,6,124576
1,179,7,109435
1,179,8,217712
1,179,9,212055
1,179,10,203872
1,179,11,159997
1,179,12,259903
1,179,13,254261
1,179,14,289029
1,179,15,291808
1,180,0,74289
1,180,1,52085
1,180,2,73425
1,180,3,40289
1,180,4,102446
1,180,5,89812
1,180,6,97031
1,180,7,123434
1,180,8,220212
1,180,9,211443
1,180,10,221269
1,180,11,210478
1,180,12,260537
1,180,13,278560
1,180,14,262783
1,180,15,291808
1,181,0,1311
1,181,1,62897
1,181,2,15788
1,181,3,76143
1,181,4,101881
1,181,5,131386
1,181,6,95827
1,181,7,147743
1,181,8,160750
1,181,9,229409
1,181,10,170058
1,181,11,190649
1,181,12,258718
1,181,13,293984
1,181,14,252489
1,181,15,291808
1,182,0,34609
1,182,1,19515
1,182,2,68247
1,182,3,53707
1,182,4,112688
1,182,5,153215
1,182,6,114340
1,182,7,140045
1,182,8,161345
1,182,9,155721
1,182,10,207731
1,182,11,211085
1,182,12,268885
1,182,13,272231
1,182,14,281433
1,182,15,291808
1,183,0,55043
1,183,1,73810
1,183,2,32443
1,183,3,60078
1,183,4,128047
1,183,5,86646
1,183,6,139978
1,183,7,126677
1,183,8,168349
1,183,9,159559
1,183,10,199415
1,183,11,219439
1,183,12,270149
1,183,13,277424
1,183,14,249303
1,183,15,291808
1,184,0,49373
1,184,1,15619
1,184,2,8797
1,184,3,49855
1,184,4,80707
1,184,5,128195
1,184,6,114329
1,184,7,125947
1,184,8,177297
1,184,9,178122
1,184,10,228227
1,184,11,157348
1,184,12,279829
1,184,13,294064
1,184,14,303715
1,184,15,291808
1,185,0,133
1,185,1,75169
1,185,2,49066
1,185,3,31252
1,185,4,138965
1,185,5,114855
1,185,6,100279
1,185,7,128567
1,185,8,222193
1,185,9,190372
1,185,10,228213
1,185,11,166923
1,185,12,282363
1,185,13,256810
1,185,14,230773
1,185,15,291808
1,186,0,50626
1,186,1,31635
1,186,2,39501
1,186,3,17165
1,186,4,148587
1,186,5,109710
1,186,6,145107
1,186,7,113848
1,186,8,229887
1,186,9,196093
1,186,10,159193
1,186,11,213017
1,186,12,299643
1,186,13,288164
1,186,14,272375
1,186,15,291808
1,187,0,58324
1,187,1,56613
1,187,2,74646
1,187,3,64495
1,187,4,128127
1,187,5,142274
1,187,6,144429
1,187,7,97141
1,187,8,158825
1,187,9,229988
1,187,10,205236
1,187,11,209238
1,187,12,268855
1,187,13,254323
1,187,14,273725
1,187,15,291808
1,188,0,8993
1,188,1,35465
1,188,2,53557
1,188,3,21059
1,188,4,100593
1,188,5,82235
1,188,6,135380
1,188,7,128504
1,188,8,169709
1,188,9,220413
1,188,10,179633
1,188,11,202116
1,188,12,279109
1,188,13,232594
1,188,14,294808
1,188,15,291808
1,189,0,30769
1,189,1,52793
1,189,2,30519
1,189,3,3789
1,189,4,120327
1,189,5,95576
1,189,6,108560
1,189,7,132449
1,189,8,179275
1,189,9,156353
1,189,10,157275
1,189,11,226529
1,189,12,248444
1,189,13,246717
1,189,14,280101
1,189,15,291808
1,190,0,66611
1,190,1,44363
1,190,2,36833
1,190,3,44091
1,190,4,103721
1,190,5,122511
1,190,6,123973
1,190,7,115811
1,190,8,158871
1,190,9,160943
1,190,10,185401
1,190,11,228339
1,190,12,279681
1,190,13,247299
1,190,14,233435
1,190,15,291808
1,191,0,25621
1,191,1,71311
1,191,2,32416
1,191,3,44759
1,191,4,115917
1,191,5,121131
1,191,6,106609
1,191,7,129145
1,191,8,182467
1,191,9,190941
1,191,10,221275
1,191,11,222563
1,191,12,272093
1,191,13,286385
1,191,14,305115
1,191,15,291808
1,192,0,52547
1,192,1,41126
1,192,2,18936
1,192,3,63866
1,192,4,116605
1,192,5,78943
1,192,6,79080
1,192,7,99159
1,192,8,208672
1,192,9,227432
1,192,10,184695
1,192,11,157347
1,192,12,252957
1,192,13,295898
1,192,14,244203
1,192,15,291808
1,193,0,69175
1,193,1,36668
1,193,2,11217
1,193,3,42859
1,193,4,79428
1,193,5,151961
1,193,6,152694
1,193,7,107413
1,193,8,216479
1,193,9,203768
1,193,10,153973
1,193,11,226405
1,193,12,238239
1,193,13,240854
1,193,14,276165
1,193,15,291808
0,194,0,0
0,195,0,0
1,196,0,75013
1,196,1,73841
1,196,2,3679
1,196,3,22949
1,196,4,152468
1,196,5,113597
1,196,6,130253
1,196,7,77301
1,196,8,195203
1,196,9,178107
1,196,10,156499
1,196,11,183535
1,196,12,283543
1,196,13,306721
1,196,14,283841
1,196,15,291808
1,197,0,71134
1,197,1,37996
1,197,2,4319
1,197,3,35103
1,197,4,113987
1,197,5,140461
1,197,6,117589
1,197,7,88179
1,197,8,186987
1,197,9,215917
1,197,10,193667
1,197,11,182895
1,197,12,268865
1,197,13,295912
1,197,14,264650
1,197,15,291808
1,198,0,37867
1,198,1,71235
1,198,2,56145
1,198,3,28652
1,198,4,124260
1,198,5,114878
1,198,6,141849
1,198,7,131163
1,198,8,209430
1,198,9,221629
1,198,10,157230
1,198,11,164328
1,198,12,270794
1,198,13,297867
1,198,14,299251
1,198,15,291808
1,199,0,19999
1,199,1,21281
1,199,2,66332
1,199,3,70927
1,199,4,80043
1,199,5,76991
1,199,6,130935
1,199,7,141363
1,199,8,228585
1,199,9,198563
1,199,10,168743
1,199,11,217549
1,199,12,230517
1,199,13,293401
1,199,14,298617
1,199,15,291808
1,200,0,18613
1,200,1,36024
1,200,2,45816
1,200,3,76668
1,200,4,81403
1,200,5,96801
1,200,6,104143
1,200,7,77307
1,200,8,213191
1,200,9,168560
1,200,10,221893
1,200,11,212344
1,200,12,235643
1,200,13,234405
1,200,14,255825
1,200,15,291808
1,201,0,11570
1,201,1,1585
1,201,2,4811
1,201,3,45315
1,201,4,150551
1,201,5,85424
1,201,6,106012
1,201,7,77341
1,201,8,202331
1,201,9,189043
1,201,10,210290
1,201,11,185570
1,201,12,293792
1,201,13,269658
1,201,14,235997
1,201,15,291808
1,202,0,40375
1,202,1,39933
1,202,2,65007
1,202,3,6931
1,202,4,85845
1,202,5,95597
1,202,6,114983
1,202,7,93343
1,202,8,168465
1,202,9,203059
1,202,10,228959
1,202,11,228473
1,202,12,291920
1,202,13,286341
1,202,14,248135
1,202,15,291808
1,203,0,16775
1,203,1,66769
1,203,2,39478
1,203,3,76107
1,203,4,112724
1,203,5,79625
1,203,6,145721
1,203,7,128490
1,203,8,218301
1,203,9,186453
1,203,10,206463
1,203,11,198307
1,203,12,297663
1,203,13,293935
1,203,14,295409
1,203,15,291808
1,204,0,16137
1,204,1,14883
1,204,2,68207
1,204,3,64597
1,204,4,110224
1,204,5,113461
1,204,6,94559
1,204,7,152258
1,204,8,206814
1,204,9,229382
1,204,10,189123
1,204,11,177799
1,204,12,233059
1,204,13,232615
1,204,14,287812
1,204,15,291808
1,205,0,41723
1,205,1,64291
1,205,2,26041
1,205,3,10211
1,205,4,103111
1,205,5,135875
1,205,6,131622
1,205,7,145217
1,205,8,229143
1,205,9,163369
1,205,10,206542
1,205,11,159299
1,205,12,230515
1,205,13,246668
1,205,14,296721
1,205,15,291808
1,206,0,16016
1,206,1,47614
1,206,2,74667
1,206,3,23532
1,206,4,90266
1,206,5,117357
1,206,6,89980
1,206,7,88289
1,206,8,199055
1,206,9,221701
1,206,10,198796
1,206,11,182320
1,206,12,287370
1,206,13,285686
1,206,14,249357
1,206,15,291808
1,207,0,72461
1,207,1,39962
1,207,2,50299
1,207,3,52992
1,207,4,87192
1,207,5,116088
1,207,6,118865
1,207,7,86339
1,207,8,187523
1,207,9,217887
1,207,10,188604
1,207,11,204113
1,207,12,286833
1,207,13,258186
1,207,14,232709
1,207,15,291808
1,208,0,42271
1,208,1,73841
1,208,2,5555
1,208,3,33203
1,208,4,108193
1,208,5,135267
1,208,6,126487
1,208,7,106855
1,208,8,181845
1,208,9,167853
1,208,10,220540
1,208,11,169519
1,208,12,231792
1,208,13,260761
1,208,14,278157
1,208,15,291808
1,209,0,9005
1,209,1,11730
1,209,2,33119
1,209,3,51047
1,209,4,113285
1,209,5,106445
1,209,6,86193
1,209,7,111927
1,209,8,229163
1,209,9,195403
1,209,10,175191
1,209,11,206705
1,209,12,240059
1,209,13,270886
1,209,14,281999
1,209,15,291808
1,210,0,19295
1,210,1,10475
1,210,2,50983
1,210,3,5679
1,210,4,110847
1,210,5,89185
1,210,6,132903
1,210,7,132426
1,210,8,217627
1,210,9,190254
1,210,10,176976
1,210,11,166952
1,210,12,289940
1,210,13,267040
1,210,14,303776
1,210,15,291808
1,211,0,35905
1,211,1,62894
1,211,2,75949
1,211,3,11427
1,211,4,137629
1,211,5,146797
1,211,6,138609
1,211,7,119624
1,211,8,190105
1,211,9,187695
1,211,10,154625
1,211,11,183595
1,211,12,259920
1,211,13,283769
1,211,14,264794
1,211,15,291808
1,212,0,43607
1,212,1,69921
1,212,2,24155
1,212,3,56847
1,212,4,81311
1,212,5,97572
1,212,6,125865
1,212,7,136819
1,212,8,183195
1,212,9,224896
1,212,10,230129
1,212,11,225185
1,212,12,295065
1,212,13,295892
1,212,14,231409
1,212,15,291808
1,213,0,13572
1,213,1,33495
1,213,2,70853
1,213,3,47334
1,213,4,118527
1,213,5,138496
1,213,6,109786
1,213,7,118369
1,213,8,227219
1,213,9,213286
1,213,10,203971
1,213,11,186817
1,213,12,268903
1,213,13,277378
1,213,14,266689
1,213,15,291808
1,214,0,14111
1,214,1,54031
1,214,2,38108
1,214,3,42746
1,214,4,120478
1,214,5,129465
1,214,6,129075
1,214,7,141407
1,214,8,186285
1,214,9,222359
1,214,10,179557
1,214,11,156081
1,214,12,273405
1,214,13,278659
1,214,14,253910
1,214,15,291808
1,215,0,9713
1,215,1,208
1,215,2,72778
1,215,3,47967
1,215,4,89667
1,215,5,135841
1,215,6,111813
1,215,7,83163
1,215,8,178659
1,215,9,184575
1,215,10,201365
1,215,11,175331
1,215,12,241983
1,215,13,266543
1,215,14,262165
1,215,15,291808
1,216,0,60943
1,216,1,52656
1,216,2,76507
1,216,3,46627
1,216,4,103158
1,216,5,126919
1,216,6,101460
1,216,7,108737
1,216,8,165868
1,216,9,171824
1,216,10,221223
1,216,11,159905
1,216,12,271444
1,216,13,269659
1,216,14,260809
1,216,15,291808
1,217,0,74277
1,217,1,32269
1,217,2,52297
1,217,3,44758
1,217,4,103188
1,217,5,146845
1,217,6,129116
1,217,7,77421
1,217,8,229847
1,217,9,223610
1,217,10,194318
1,217,11,179091
1,217,12,284897
1,217,13,290756
1,217,14,302541
1,217,15,291808
1,218,0,38548
1,218,1,18761
1,218,2,1097
1,218,3,47913
1,218,4,81984
1,218,5,78397
1,218,6,78546
1,218,7,97765
1,218,8,212576
1,218,9,201149
1,218,10,222539
1,218,11,193767
1,218,12,253483
1,218,13,277345
1,218,14,274251
1,218,15,291808
1,219,0,48047
1,219,1,24509
1,219,2,61277
1,219,3,54987
1,219,4,110800
1,219,5,100738
1,219,6,107329
1,219,7,143925
1,219,8,201671
1,219,9,229371
1,219,10,230179
1,219,11,166389
1,219,12,266311
1,219,13,236412
1,219,14,281941
1,219,15,291808
1,220,0,60187
1,220,1,47019
1,220,2,13187
1,220,3,64559
1,220,4,149125
1,220,5,82188
1,220,6,83611
1,220,7,88858
1,220,8,206212
1,220,9,212065
1,220,10,181480
1,220,11,158693
1,220,12,265077
1,220,13,265206
1,220,14,264721
1,220,15,291808
1,221,0,69162
1,221,1,73177
1,221,2,30527
1,221,3,73573
1,221,4,126145
1,221,5,84661
1,221,6,139243
1,221,7,114512
1,221,8,229165
1,221,9,224187
1,221,10,191057
1,221,11,220101
1,221,12,253581
1,221,13,273461
1,221,14,251273
1,221,15,291808
1,222,0,9651
1,222,1,41249
1,222,2,35643
1,222,3,28725
1,222,4,96083
1,222,5,112300
1,222,6,90679
1,222,7,86315
1,222,8,183047
1,222,9,199353
1,222,10,164883
1,222,11,207950
1,222,12,245191
1,222,13,303019
1,222,14,274959
1,222,15,291808
1,223,0,53797
1,223,1,67361
1,223,2,64321
1,223,3,19186
1,223,4,147863
1,223,5,146723
1,223,6,152104
1,223,7,122213
1,223,8,227959
1,223,9,169244
1,223,10,170583
1,223,11,184247
1,223,12,244603
1,223,13,290798
1,223,14,287125
1,223,15,291808
1,224,0,41045
1,224,1,10409
1,224,2,15187
1,224,3,74825
1,224,4,121705
1,224,5,82219
1,224,6,113081
1,224,7,153547
1,224,8,159511
1,224,9,230027
1,224,10,223703
1,224,11,154187
1,224,12,295793
1,224,13,252999
1,224,14,295454
1,224,15,291808
1,225,0,26348
1,225,1,21972
1,225,2,43926
1,225,3,76119
1,225,4,90280
1,225,5,87293
1,225,6,88105
1,225,7,92721
1,225,8,214439
1,225,9,188461
1,225,10,195638
1,225,11,211709
1,225,12,256659
1,225,13,231945
1,225,14,306882
1,225,15,291808
1,226,0,34031
1,226,1,42471
1,226,2,56005
1,226,3,42813
1,226,4,97920
1,226,5,98195
1,226,6,122041
1,226,7,103613
1,226,8,178669
1,226,9,210733
1,226,10,198814
1,226,11,175242
1,226,12,236851
1,226,13,261309
1,226,14,301202
1,226,15,291808
1,227,0,52611
1,227,1,8556
1,227,2,56687
1,227,3,72287
1,227,4,108857
1,227,5,101943
1,227,6,86877
1,227,7,101707
1,227,8,218884
1,227,9,168505
1,227,10,206509
1,227,11,199624
1,227,12,282899
1,227,13,282505
1,227,14,261539
1,227,15,291808
1,228,0,73095
1,228,1,18137
1,228,2,75343
1,228,3,7039
1,228,4,137061
1,228,5,84789
1,228,6,130960
1,228,7,92035
1,228,8,172171
1,228,9,197949
1,228,10,203981
1,228,11,161170
1,228,12,272003
1,228,13,250518
1,228,14,298028
1,228,15,291808
1,229,0,34646
1,229,1,37285
1,229,2,56111
1,229,3,24812
1,229,4,139577
1,229,5,142267
1,229,6,117581
1,229,7,104259
1,229,8,220893
1,229,9,225467
1,229,10,213595
1,229,11,193857
1,229,12,252813
1,229,13,239669
1,229,14,247409
1,229,15,291808
1,230,0,39767
1,230,1,7909
1,230,2,38772
1,230,3,50507
1,230,4,105719
1,230,5,101398
1,230,6,106704
1,230,7,91491
1,230,8,161347
1,230,9,208870
1,230,10,205251
1,230,11,224537
1,230,12,280964
1,230,13,246044
1,230,14,286455
1,230,15,291808
1,231,0,2577
1,231,1,71310
1,231,2,14545
1,231,3,48633
1,231,4,96695
1,231,5,83506
1,231,6,131679
1,231,7,131683
1,231,8,219601
1,231,9,224865
1,231,10,165523
1,231,11,171453
1,231,12,290612
1,231,13,266472
1,231,14,301907
1,231,15,291808
1,232,0,40371
1,232,1,52105
1,232,2,36933
1,232,3,31251
1,232,4,110796
1,232,5,151227
1,232,6,107893
1,232,7,143857
1,232,8,195985
1,232,9,173641
1,232,10,194289
1,232,11,222048
1,232,12,231094
1,232,13,281161
1,232,14,287163
1,232,15,291808
1,233,0,16114
1,233,1,59091
1,233,2,59899
1,233,3,46647
1,233,4,122270
1,233,5,126897
1,233,6,121383
1,233,7,78619
1,233,8,226605
1,233,9,171716
1,233,10,161107
1,233,11,163715
1,233,12,282391
1,233,13,295947
1,233,14,246801
1,233,15,291808
1,234,0,67909
1,234,1,22654
1,234,2,51029
1,234,3,69645
1,234,4,126758
1,234,5,136495
1,234,6,150138
1,234,7,85624
1,234,8,202263
1,234,9,217141
1,234,10,222471
1,234,11,166947
1,234,12,250946
1,234,13,253069
1,234,14,260233
1,234,15,291808
1,235,0,49431
1,235,1,24511
1,235,2,47815
1,235,3,44152
1,235,4,102519
1,235,5,130238
1,235,6,77789
1,235,7,108739
1,235,8,216365
1,235,9,199889
1,235,10,175161
1,235,11,213621
1,235,12,288129
1,235,13,280535
1,235,14,242329
1,235,15,291808
1,236,0,54491
1,236,1,36017
1,236,2,26050
1,236,3,21751
1,236,4,113951
1,236,5,131373
1,236,6,134163
1,236,7,129789
1,236,8,222159
1,236,9,178757
1,236,10,227039
1,236,11,228431
1,236,12,289945
1,236,13,236991
1,236,14,285795
1,236,15,291808
1,237,0,43033
1,237,1,34163
1,237,2,60635
1,237,3,32589
1,237,4,142149
1,237,5,82739
1,237,6,93167
1,237,7,105553
1,237,8,183047
1,237,9,181923
1,237,10,196293
1,237,11,170879
1,237,12,281667
1,237,13,275460
1,237,14,232777
1,237,15,291808
1,238,0,18019
1,238,1,14981
1,238,2,5519
1,238,3,22995
1,238,4,110745
1,238,5,85956
1,238,6,132941
1,238,7,142652
1,238,8,176072
1,238,9,212045
1,238,10,216027
1,238,11,214966
1,238,12,285465
1,238,13,301027
1,238,14,303822
1,238,15,291808
1,239,0,35353
1,239,1,25177
1,239,2,43945
1,239,3,17890
1,239,4,137081
1,239,5,98755
1,239,6,93899
1,239,7,128584
1,239,8,188805
1,239,9,212087
1,239,10,162351
1,239,11,161774
1,239,12,285471
1,239,13,276153
1,239,14,276307
1,239,15,291808
1,240,0,37865
1,240,1,11833
1,240,2,56682
1,240,3,12131
1,240,4,133793
1,240,5,76979
1,240,6,98397
1,240,7,120813
1,240,8,165151
1,240,9,177445
1,240,10,207708
1,240,11,187473
1,240,12,292589
1,240,13,293400
1,240,14,233317
1,240,15,291808
1,241,0,17290
1,241,1,25181
1,241,2,7459
1,241,3,29360
1,241,4,120399
1,241,5,78893
1,241,6,127799
1,241,7,105579
1,241,8,228583
1,241,9,204409
1,241,10,196259
1,241,11,173940
1,241,12,265705
1,241,13,277304
1,241,14,235981
1,241,15,291808
1,242,0,20551
1,242,1,40593
1,242,2,23439
1,242,3,51175
1,242,4,141561
1,242,5,118011
1,242,6,139255
1,242,7,90097
1,242,8,229858
1,242,9,200483
1,242,10,193093
1,242,11,157945
1,242,12,230496
1,242,13,294622
1,242,14,287101
1,242,15,291808
1,243,0,56967
1,243,1,62975
1,243,2,31836
1,243,3,40837
1,243,4,137103
1,243,5,132083
1,243,6,140547
1,243,7,92733
1,243,8,185022
1,243,9,183227
1,243,10,154617
1,243,11,179085
1,243,12,256097
1,243,13,264628
1,243,14,304440
1,243,15,291808
0,244,0,0
1,245,0,43651
1,245,1,59077
1,245,2,70727
1,245,3,55653
1,245,4,83961
1,245,5,126334
1,245,6,77177
1,245,7,81841
1,245,8,199823
1,245,9,167991
1,245,10,186037
1,245,11,213695
1,245,12,303491
1,245,13,262075
1,245,14,284545
1,245,15,291808
1,246,0,60219
1,246,1,36039
1,246,2,2892
1,246,3,6329
1,246,4,78213
1,246,5,149307
1,246,6,110530
1,246,7,82409
1,246,8,154925
1,246,9,185824
1,246,10,216739
1,246,11,163767
1,246,12,259263
1,246,13,300397
1,246,14,283281
1,246,15,291808
1,247,0,76225
1,247,1,34080
1,247,2,4298
1,247,3,58829
1,247,4,78774
1,247,5,146133
1,247,6,83615
1,247,7,82479
1,247,8,171606
1,247,9,206971
1,247,10,200051
1,247,11,190693
1,247,12,284261
1,247,13,242217
1,247,14,260279
1,247,15,291808
1,248,0,57725
1,248,1,49469
1,248,2,15794
1,248,3,73475
1,248,4,123027
1,248,5,116731
1,248,6,94549
1,248,7,138178
1,248,8,172311
1,248,9,184503
1,248,10,169363
1,248,11,163703
1,248,12,301445
1,248,13,257495
1,248,14,259625
1,248,15,291808
1,249,0,43541
1,249,1,52661
1,249,2,41933
1,249,3,19123
1,249,4,131273
1,249,5,117375
1,249,6,79133
1,249,7,77341
1,249,8,174879
1,249,9,174240
1,249,10,200673
1,249,11,198897
1,249,12,243325
1,249,13,296585
1,249,14,281405
1,249,15,291808
1,250,0,40985
1,250,1,54668
1,250,2,5481
1,250,3,39023
1,250,4,126175
1,250,5,117397
1,250,6,93841
1,250,7,117050
1,250,8,228544
1,250,9,228709
1,250,10,209046
1,250,11,193895
1,250,12,265675
1,250,13,238290
1,250,14,253777
1,250,15,291808
1,251,0,76233
1,251,1,9217
1,251,2,12585
1,251,3,35153
1,251,4,76873
1,251,5,148011
1,251,6,123954
1,251,7,115713
1,251,8,167102
1,251,9,230047
1,251,10,190510
1,251,11,194479
1,251,12,261801
1,251,13,279293
1,251,14,290930
1,251,15,291808
1,252,0,34057
1,252,1,62359
1,252,2,11242
1,252,3,11445
1,252,4,150453
1,252,5,132039
1,252,6,77813
1,252,7,79981
1,252,8,192701
1,252,9,176174
1,252,10,224397
1,252,11,155455
1,252,12,292513
1,252,13,242739
1,252,14,267281
1,252,15,291808
1,253,0,40377
1,253,1,55957
1,253,2,20813
1,253,3,33137
1,253,4,152993
1,253,5,93703
1,253,6,126547
1,253,7,116413
1,253,8,209433
1,253,9,192251
1,253,10,227587
1,253,11,174649
1,253,12,253525
1,253,13,256198
1,253,14,288332
1,253,15,291808
1,254,0,26375
1,254,1,19498
1,254,2,39388
1,254,3,48517
1,254,4,134401
1,254,5,111011
1,254,6,120081
1,254,7,133003
1,254,8,214445
1,254,9,162159
1,254,10,218649
1,254,11,166292
1,254,12,269553
1,254,13,277303
1,254,14,243539
1,254,15,291808
1,255,0,74941
1,255,1,69416
1,255,2,15121
1,255,3,56815
1,255,4,122983
1,255,5,124411
1,255,6,137967
1,255,7,102951
1,255,8,193321
1,255,9,196675
1,255,10,230217
1,255,11,155373
1,255,12,278439
1,255,13,306830
1,255,14,287789
1,255,15,291808
1,256,0,30120
1,256,1,41278
1,256,2,21550
1,256,3,10863
1,256,4,128716
1,256,5,82117
1,256,6,143197
1,256,7,129227
1,256,8,195840
1,256,9,181385
1,256,10,184020
1,256,11,161157
1,256,12,290681
1,256,13,237737
1,256,14,233943
1,256,15,291808
1,257,0,16027
1,257,1,27087
1,257,2,36879
1,257,3,20356
1,257,4,119681
1,257,5,107050
1,257,6,115653
1,257,7,126638
1,257,8,170331
1,257,9,195383
1,257,10,179605
1,257,11,173971
1,257,12,271383
1,257,13,243463
1,257,14,230723
1,257,15,291808
1,258,0,69179
1,258,1,17585
1,258,2,1083
1,258,3,29361
1,258,4,107569
1,258,5,94343
1,258,6,84285
1,258,7,113243
1,258,8,172869
1,258,9,217133
1,258,10,173828
1,258,11,230363
1,258,12,247163
1,258,13,265799
1,258,14,240415
1,258,15,291808
1,259,0,9109
1,259,1,66195
1,259,2,34957
1,259,3,12745
1,259,4,93460
1,259,5,149393
1,259,6,104099
1,259,7,143919
1,259,8,206151
1,259,9,166051
1,259,10,194913
1,259,11,179187
1,259,12,278497
1,259,13,263957
1,259,14,237279
1,259,15,291808
1,260,0,19921
1,260,1,71949
1,260,2,55457
1,260,3,38922
1,260,4,103141
1,260,5,77011
1,260,6,108635
1,260,7,88900
1,260,8,160080
1,260,9,206307
1,260,10,192335
1,260,11,200952
1,260,12,274667
1,260,13,247941
1,260,14,289622
1,260,15,291808
1,261,0,69221
1,261,1,76416
1,261,2,72793
1,261,3,24256
1,261,4,94805
1,261,5,77056
1,261,6,79698
1,261,7,135582
1,261,8,218289
1,261,9,229985
1,261,10,158535
1,261,11,159308
1,261,12,237503
1,261,13,303584
1,261,14,270509
1,261,15,291808
1,262,0,3924
1,262,1,9765
1,262,2,33087
1,262,3,22251
1,262,4,97986
1,262,5,144869
1,262,6,85527
1,262,7,122101
1,262,8,213915
1,262,9,180043
1,262,10,179003
1,262,11,213087
1,262,12,236249
1,262,13,293992
1,262,14,268617
1,262,15,291808
1,263,0,28892
1,263,1,24483
1,263,2,47719
1,263,3,19156
1,263,4,135697
1,263,5,94386
1,263,6,99038
1,263,7,118925
1,263,8,173559
1,263,9,209449
1,263,10,194348
1,263,11,225181
1,263,12,287379
1,263,13,299125
1,263,14,305713
1,263,15,291808
1,264,0,54459
1,264,1,48311
1,264,2,8783
1,264,3,42805
1,264,4,92834
1,264,5,98827
1,264,6,121407
1,264,7,129862
1,264,8,229918
1,264,9,183889
1,264,10,154713
1,264,11,175221
1,264,12,278425
1,264,13,270265
1,264,14,279499
1,264,15,291808
1,265,0,55057
1,265,1,2139
1,265,2,50976
1,265,3,15897
1,265,4,138884
1,265,5,126264
1,265,6,117511
1,265,7,79301
1,265,8,229799
1,265,9,205722
1,265,10,194335
1,265,11,175971
1,265,12,257353
1,265,13,295209
1,265,14,299988
1,265,15,291808
1,266,0,61537
1,266,1,73831
1,266,2,41986
1,266,3,44776
1,266,4,118481
1,266,5,107747
1,266,6,116941
1,266,7,97825
1,266,8,206181
1,266,9,221601
1,266,10,196926
1,266,11,181729
1,266,12,254106
1,266,13,256219
1,266,14,293524
1,266,15,291808
1,267,0,56443
1,267,1,16198
1,267,2,34363
1,267,3,56211
1,267,4,131343
1,267,5,107685
1,267,6,152788
1,267,7,117041
1,267,8,204300
1,267,9,201897
1,267,10,154068
1,267,11,209158
1,267,12,232996
1,267,13,232497
1,267,14,288401
1,267,15,291808
1,268,0,54509
1,268,1,60473
1,268,2,44623
1,268,3,23655
1,268,4,120979
1,268,5,130823
1,268,6,86843
1,268,7,107474
1,268,8,229817
1,268,9,212774
1,268,10,229445
1,268,11,200821
1,268,12,230459
1,268,13,278570
1,268,14,288468
1,268,15,291808
1,269,0,64123
1,269,1,17503
1,269,2,76497
1,269,3,21011
1,269,4,128056
1,269,5,100107
1,269,6,79729
1,269,7,151526
1,269,8,208763
1,269,9,173020
1,269,10,221853
1,269,11,172018
1,269,12,238747
1,269,13,232509
1,269,14,266661
1,269,15,291808
1,270,0,34634
1,270,1,34857
1,270,2,66391
1,270,3,54927
1,270,4,77503
1,270,5,114163
1,270,6,109892
1,270,7,125380
1,270,8,209433
1,270,9,164673
1,270,10,206459
1,270,11,181728
1,270,12,288673
1,270,13,298535
1,270,14,232077
1,270,15,291808
1,271,0,35867
1,271,1,28987
1,271,2,59995
1,271,3,72303
1,271,4,130069
1,271,5,97528
1,271,6,106071
1,271,7,77311
1,271,8,160777
1,271,9,197975
1,271,10,177666
1,271,11,191233
1,271,12,246468
1,271,13,303565
1,271,14,246858
1,271,15,291808
1,272,0,74951
1,272,1,21325
1,272,2,34383
1,272,3,74189
1,272,4,151704
1,272,5,84042
1,272,6,140567
1,272,7,145889
1,272,8,153737
1,272,9,222301
1,272,10,217957
1,272,11,230356
1,272,12,306651
1,272,13,262633
1,272,14,286425
1,272,15,291808
1,273,0,71681
1,273,1,29733
1,273,2,48411
1,273,3,61979
1,273,4,102475
1,273,5,150593
1,273,6,122652
1,273,7,146547
1,273,8,188179
1,273,9,190961
1,273,10,210316
1,273,11,212435
1,273,12,270193
1,273,13,234545
1,273,14,250654
1,273,15,291808
1,274,0,71060
1,274,1,68027
1,274,2,34883
1,274,3,67116
1,274,4,127387
1,274,5,114089
1,274,6,97111
1,274,7,93955
1,274,8,199059
1,274,9,207577
1,274,10,154625
1,274,11,182335
1,274,12,251613
1,274,13,262031
1,274,14,273101
1,274,15,291808
1,275,0,35997
1,275,1,71208
1,275,2,52906
1,275,3,65260
1,275,4,94134
1,275,5,100693
1,275,6,117551
1,275,7,111925
1,275,8,182419
1,275,9,217149
1,275,10,165570
1,275,11,181042
1,275,12,253491
1,275,13,283067
1,275,14,232699
1,275,15,291808
1,276,0,74275
1,276,1,66081
1,276,2,68871
1,276,3,54240
1,276,4,131943
1,276,5,153265
1,276,6,79103
1,276,7,89581
1,276,8,173547
1,276,9,221651
1,276,10,189811
1,276,11,177227
1,276,12,299030
1,276,13,298467
1,276,14,264747
1,276,15,291808
1,277,0,57041
1,277,1,12374
1,277,2,4815
1,277,3,47933
1,277,4,96774
1,277,5,90531
1,277,6,90665
1,277,7,130425
1,277,8,204845
1,277,9,206973
1,277,10,230081
1,277,11,220685
1,277,12,234893
1,277,13,245329
1,277,14,298685
1,277,15,291808
1,278,0,37207
1,278,1,8597
1,278,2,49688
1,278,3,33163
1,278,4,137070
1,278,5,129470
1,278,6,111179
1,278,7,78009
1,278,8,203580
1,278,9,222306
1,278,10,191803
1,278,11,229731
1,278,12,247681
1,278,13,283733
1,278,14,275583
1,278,15,291808
1,279,0,44869
1,279,1,52770
1,279,2,34881
1,279,3,24911
1,279,4,78095
1,279,5,118677
1,279,6,110555
1,279,7,126637
1,279,8,214439
1,279,9,207027
1,279,10,214738
1,279,11,168871
1,279,12,279702
1,279,13,288835
1,279,14,280071
1,279,15,291808
1,280,0,27659
1,280,1,9910
1,280,2,45245
1,280,3,67709
1,280,4,141454
1,280,5,105775
1,280,6,85533
1,280,7,113230
1,280,8,218301
1,280,9,212648
1,280,10,171899
1,280,11,189427
1,280,12,295103
1,280,13,296547
1,280,14,289655
1,280,15,291808
1,281,0,15421
1,281,1,57853
1,281,2,70806
1,281,3,41473
1,281,4,111411
1,281,5,122471
1,281,6,107986
1,281,7,135015
1,281,8,206795
1,281,9,228101
1,281,10,178901
1,281,11,181710
1,281,12,258669
1,281,13,285105
1,281,14,269803
1,281,15,291808
1,282,0,14788
1,282,1,56584
1,282,2,31728
1,282,3,29961
1,282,4,152420
1,282,5,153124
1,282,6,100823
1,282,7,106208
1,282,8,183734
1,282,9,181923
1,282,10,230215
1,282,11,202232
1,282,12,236857
1,282,13,269655
1,282,14,292841
1,282,15,291808
1,283,0,10315
1,283,1,73266
1,283,2,7436
1,283,3,3105
1,283,4,140945
1,283,5,102597
1,283,6,116240
1,283,7,94641
1,283,8,162669
1,283,9,201917
1,283,10,219213
1,283,11,170195
1,283,12,248459
1,283,13,287653
1,283,14,284505
1,283,15,291808
1,284,0,36585
1,284,1,29696
1,284,2,31765
1,284,3,29958
1,284,4,144712
1,284,5,135893
1,284,6,115569
1,284,7,111971
1,284,8,181241
1,284,9,165971
1,284,10,165555
1,284,11,189417
1,284,12,245275
1,284,13,233882
1,284,14,242914
1,284,15,291808
1,285,0,2697
1,285,1,62335
1,285,2,60560
1,285,3,9484
1,285,4,97937
1,285,5,95015
1,285,6,125845
1,285,7,131073
1,285,8,215072
1,285,9,219078
1,285,10,157905
1,285,11,216862
1,285,12,256151
1,285,13,292645
1,285,14,280661
1,285,15,291808
1,286,0,22467
1,286,1,71263
1,286,2,22826
1,286,3,22994
1,286,4,100491
1,286,5,95005
1,286,6,139999
1,286,7,140000
1,286,8,197873
1,286,9,215313
1,286,10,206527
1,286,11,164970
1,286,12,245869
1,286,13,242141
1,286,14,244932
1,286,15,291808
1,287,0,24380
1,287,1,36097
1,287,2,18896
1,287,3,41563
1,287,4,102407
1,287,5,142927
1,287,6,134207
1,287,7,133032
1,287,8,193370
1,287,9,183936
1,287,10,225701
1,287,11,176531
1,287,12,254767
1,287,13,301693
1,287,14,248075
1,287,15,291808
1,288,0,50019
1,288,1,43799
1,288,2,50373
1,288,3,24221
1,288,4,132611
1,288,5,147441
1,288,6,126471
1,288,7,96611
1,288,8,206845
1,288,9,217220
1,288,10,178968
1,288,11,156744
1,288,12,298251
1,288,13,285709
1,288,14,259014
1,288,15,291808
1,289,0,41729
1,289,1,34802
1,289,2,64411
1,289,3,39608
1,289,4,146645
1,289,5,120558
1,289,6,123949
1,289,7,122783
1,289,8,174205
1,289,9,219691
1,289,10,169341
1,289,11,172077
1,289,12,273371
1,289,13,242133
1,289,14,248013
1,289,15,291808
1,290,0,42899
1,290,1,19425
1,290,2,50398
1,290,3,11417
1,290,4,108876
1,290,5,134586
1,290,6,141183
1,290,7,110653
1,290,8,197155
1,290,9,202401
1,290,10,211607
1,290,11,156663
1,290,12,306640
1,290,13,269697
1,290,14,251845
1,290,15,291808
1,291,0,72359
1,291,1,41769
1,291,2,38125
1,291,3,45375
1,291,4,120963
1,291,5,125078
1,291,6,113691
1,291,7,77349
1,291,8,217087
1,291,9,213427
1,291,10,226983
1,291,11,213731
1,291,12,259249
1,291,13,234429
1,291,14,232025
1,291,15,291808
1,292,0,19357
1,292,1,27072
1,292,2,33667
1,292,3,67161
1,292,4,138905
1,292,5,119216
1,292,6,140632
1,292,7,103655
1,292,8,188208
1,292,9,198581
1,292,10,155241
1,292,11,166317
1,292,12,279771
1,292,13,238373
1,292,14,232755
1,292,15,291808
0,293,0,0
0,294,0,0
1,295,0,34045
1,295,1,32863
1,295,2,30445
1,295,3,1277
1,295,4,152333
1,295,5,80871
1,295,6,134184
1,295,7,135639
1,295,8,169014
1,295,9,212055
1,295,10,164843
1,295,11,166977
1,295,12,300297
1,295,13,301025
1,295,14,285883
1,295,15,291808
1,296,0,14782
1,296,1,27199
1,296,2,33014
1,296,3,47214
1,296,4,115309
1,296,5,137861
1,296,6,79089
1,296,7,84981
1,296,8,226699
1,296,9,219687
1,296,10,162323
1,296,11,225193
1,296,12,262443
1,296,13,252467
1,296,14,281343
1,296,15,291808
1,297,0,14859
1,297,1,23355
1,297,2,30423
1,297,3,59363
1,297,4,83980
1,297,5,87219
1,297,6,91352
1,297,7,129218
1,297,8,169101
1,297,9,218491
1,297,10,161729
1,297,11,209888
1,297,12,271432
1,297,13,301733
1,297,14,252593
1,297,15,291808
1,298,0,25738
1,298,1,14321
1,298,2,59992
1,298,3,52371
1,298,4,103787
1,298,5,88517
1,298,6,86162
1,298,7,132329
1,298,8,227845
1,298,9,170517
1,298,10,168041
1,298,11,225171
1,298,12,234951
1,298,13,293314
1,298,14,241005
1,298,15,291808
1,299,0,3218
1,299,1,39225
1,299,2,50393
1,299,3,12031
1,299,4,80051
1,299,5,82779
1,299,6,118821
1,299,7,111925
1,299,8,197919
1,299,9,197280
1,299,10,215437
1,299,11,172107
1,299,12,299029
1,299,13,273449
1,299,14,233381
1,299,15,291808
1,300,0,59001
1,300,1,62265
1,300,2,28605
1,300,3,73473
1,300,4,145963
1,300,5,133983
1,300,6,88106
1,300,7,102307
1,300,8,224711
1,300,9,222245
1,300,10,214813
1,300,11,200803
1,300,12,249047
1,300,13,272831
1,300,14,301172
1,300,15,291808
